%eval_id interface desired_speed  door_width     sim_seed       evacuation_time 
1        NO_ID      1.259734103    0.8551960661   891.6675723    72.48          
2        NO_ID      1.585478836    1.722417232    4336.196221    33.42          
3        NO_ID      1.08005653     1.520225277    9397.721729    40.71          
4        NO_ID      1.312520413    1.773809655    1623.717528    33.9           
5        NO_ID      0.8887997994   2.156172561    5953.813601    36.31          
6        NO_ID      0.9226696689   1.644340325    4965.272535    41.15          
7        NO_ID      1.041467236    1.247444085    4727.740503    45.75          
8        NO_ID      1.343537614    1.37719281     7706.718576    41.53          
9        NO_ID      1.371083332    1.504088354    5486.524451    37.76          
10       NO_ID      1.351725056    1.857016934    5530.925078    32.12          
11       NO_ID      0.8254674783   1.452355916    3788.949193    49.1           
12       NO_ID      1.42752122     1.549047383    1241.914188    35.74          
13       NO_ID      1.307603994    1.595381471    7252.153875    35.44          
14       NO_ID      1.472275108    0.9268265418   5100.542032    63.05          
15       NO_ID      1.38412773     2.040979895    2029.772248    29.01          
16       NO_ID      1.007508422    0.99341588     348.5022688    65.06          
17       NO_ID      0.8755666621   1.356835152    6724.740111    49.39          
18       NO_ID      0.9328089201   0.9375663996   6369.606679    69.76          
19       NO_ID      1.572373682    2.321774253    1808.517221    24.73          
20       NO_ID      0.8143723439   1.027135726    3281.039171    61.82          
21       NO_ID      1.459961415    1.80197277     6634.098141    32.21          
22       NO_ID      1.366467179    1.273712548    3087.837344    39.46          
23       NO_ID      1.106329833    1.701735452    9827.88186     35.16          
24       NO_ID      0.9986595411   2.184980435    2493.720468    33.97          
25       NO_ID      1.227059696    1.126218837    9703.334743    49.4           
26       NO_ID      0.9189294092   2.004395549    6222.58856     35.57          
27       NO_ID      1.009698713    1.877933092    2388.807979    35.74          
28       NO_ID      1.058433938    1.611664115    9450.322875    42.83          
29       NO_ID      1.144373325    1.579309717    3854.548831    39.09          
30       NO_ID      1.284860359    0.8863224037   8999.874072    71.58          
31       NO_ID      1.137115951    1.288683137    770.4746529    46.19          
32       NO_ID      1.417928204    1.99420092     8124.875138    30.99          
33       NO_ID      0.9837592788   0.9747499878   1354.84871     61.8           
34       NO_ID      1.392781377    1.392250182    6894.601541    39.79          
35       NO_ID      1.413473864    2.111547393    2681.543957    28.92          
36       NO_ID      1.177862171    1.789600617    5335.72336     35.05          
37       NO_ID      1.495274563    2.336406706    4.142604308    26.61          
38       NO_ID      1.534042891    1.694820814    4112.797574    35.8           
39       NO_ID      1.247865847    2.310840656    5601.135144    28.07          
40       NO_ID      1.561663533    2.359029384    8096.435105    26.24          
41       NO_ID      1.01600623     1.017127104    9261.030337    57.69          
42       NO_ID      0.846237528    1.815191211    2216.900516    40.23          
43       NO_ID      1.29344246     2.081913508    6148.868149    31.55          
44       NO_ID      1.538493689    1.332740376    2911.258371    39.68          
45       NO_ID      1.580541603    0.8155133541   9126.765434    68.12          
46       NO_ID      0.9371429345   2.387227507    1161.325694    31.96          
47       NO_ID      1.50607024     1.056723637    5282.273297    48.59          
48       NO_ID      1.212947088    1.475179451    2563.179161    41.32          
49       NO_ID      1.547401247    0.9812246523   651.7919836    55.92          
50       NO_ID      0.8652481491   0.9103172376   7032.617061    74.56          
51       NO_ID      0.8378559515   1.841526562    7470.554866    41.08          
52       NO_ID      1.068893225    2.228097093    8630.224822    31.71          
53       NO_ID      0.9496645806   0.8294765564   1025.82673     81.97          
54       NO_ID      1.356506306    1.300415987    1960.690558    43.49          
55       NO_ID      1.154337157    1.048333348    7925.599002    55.37          
56       NO_ID      1.0254546      1.462318104    9934.513674    43.61          
57       NO_ID      1.37843691     1.758639355    8714.937212    32.9           
58       NO_ID      0.8029963209   1.087378752    6527.288539    64.43          
59       NO_ID      1.440976306    1.65769536     4290.180169    34.76          
60       NO_ID      1.124894823    1.423790191    557.2719247    43.39          
61       NO_ID      1.470665559    1.314254788    6412.345338    39.86          
62       NO_ID      1.09145556     2.220335475    7897.388491    31.42          
63       NO_ID      1.236113875    1.252494952    4611.544092    45.75          
64       NO_ID      0.8236057145   1.492695811    1795.105929    46.71          
65       NO_ID      1.167790044    2.055555439    3933.041259    31.64          
66       NO_ID      0.8964646689   2.07012683     1521.154092    35.13          
67       NO_ID      1.076198051    1.946654758    5716.893938    34.28          
68       NO_ID      1.513457889    1.963673699    7356.074619    27.89          
69       NO_ID      0.8812479562   2.123411917    4081.335942    36.01          
70       NO_ID      1.264371603    2.369726263    8449.879878    30.52          
71       NO_ID      1.252739317    0.879031983    7122.164235    68.59          
72       NO_ID      0.8527892679   1.829294368    4591.223776    41.15          
73       NO_ID      1.452879973    0.9556363519   3146.338892    56.97          
74       NO_ID      1.116198197    1.555181478    3419.31514     39.13          
75       NO_ID      1.437466108    2.299370606    6917.137422    28.63          
76       NO_ID      1.18764856     2.030195404    7636.599324    31.84          
77       NO_ID      1.401847151    1.91470146     9003.788326    29.98          
78       NO_ID      1.192724851    2.256646937    3542.296829    29.94          
79       NO_ID      1.096184499    2.280363725    2730.290412    29.7           
80       NO_ID      1.039937693    1.665184714    190.5574022    41.3           
81       NO_ID      1.481386917    2.141582621    5851.489623    30.2           
82       NO_ID      1.499128485    1.176635074    2864.054042    44.12          
83       NO_ID      0.960164676    2.24790073     8571.369936    33.22          
84       NO_ID      0.9572071078   2.195775759    4823.311237    34.53          
85       NO_ID      1.052939852    1.977460765    6042.136926    34.86          
86       NO_ID      1.32010612     2.171547672    3689.886974    30.68          
87       NO_ID      0.8607748013   1.892975717    7540.629579    39.69          
88       NO_ID      1.278879523    1.147957122    1476.407558    48.66          
89       NO_ID      1.21759739     1.729853905    3322.511859    32.69          
90       NO_ID      0.9684512926   1.093205285    914.841752     57.01          
91       NO_ID      1.556160544    1.221708053    264.6146768    39.29          
92       NO_ID      1.592250506    1.362644271    8369.793464    37.97          
93       NO_ID      1.131198888    1.1972598      2170.261546    49.54          
94       NO_ID      1.170930895    1.430774424    8225.355712    42.68          
95       NO_ID      1.206281408    1.209388019    9605.187361    47.05          
96       NO_ID      0.9076739911   1.156341585    9541.149592    54.6           
97       NO_ID      1.335591084    1.925202933    432.3924546    30.67          
98       NO_ID      0.9897759902   1.117512542    5043.206508    57.43          
99       NO_ID      1.297364193    0.8444021252   4432.357167    72.96          
100      NO_ID      1.525300178    1.628642809    8828.601201    36.29          
101      NO_ID      1.313269172    1.475433426    4295.189992    39.98          
102      NO_ID      1.586087149    1.007102266    7782.407787    52.35          
103      NO_ID      1.269840315    1.605384868    5406.046557    37.15          
104      NO_ID      1.306847781    1.145207587    591.1962651    46.49          
105      NO_ID      1.289981848    0.8720166382   9181.361829    70.13          
106      NO_ID      0.9241304028   2.312989867    8737.553337    33.59          
107      NO_ID      1.336115148    1.510036145    3409.829498    39.7           
108      NO_ID      0.8970619633   2.02476755     3855.984768    37.51          
109      NO_ID      1.280381729    1.489612448    2109.917755    37.81          
110      NO_ID      1.531188038    1.670166346    7084.139692    33.92          
111      NO_ID      1.148393813    1.098182458    5106.2453      52.27          
112      NO_ID      1.368368021    1.444383378    7639.901193    38.38          
113      NO_ID      1.123538818    1.375379049    5544.598634    44.57          
114      NO_ID      1.440137289    1.40648561     6469.15612     39.09          
115      NO_ID      1.415836084    1.272729869    8423.480474    39.69          
116      NO_ID      1.594996901    2.396013937    4611.885326    25.67          
117      NO_ID      0.9385836518   1.780509676    5097.915079    38.52          
118      NO_ID      1.083271624    1.577892062    7507.525573    40.68          
119      NO_ID      1.025474669    1.594928108    751.450185     40.67          
120      NO_ID      1.421629263    2.261452857    8886.425221    27.37          
121      NO_ID      1.394491306    1.457109781    3660.878068    39.17          
122      NO_ID      1.565080749    1.642491562    6070.97609     36.15          
123      NO_ID      1.097386355    2.108909356    3529.968145    30.8           
124      NO_ID      1.483787774    0.8469349809   4379.719989    69.46          
125      NO_ID      0.8086827797   1.193173873    4021.870662    54.56          
126      NO_ID      1.38432583     2.121214793    4893.603601    30.2           
127      NO_ID      1.467932927    2.034839033    4579.503919    30.33          
128      NO_ID      1.069567794    2.178043036    1701.913656    32.77          
129      NO_ID      1.215638922    0.922539098    983.5474821    65.59          
130      NO_ID      1.525198189    1.081372409    1606.187995    50.59          
131      NO_ID      0.9583614896   1.162834693    9088.127193    51.52          
132      NO_ID      1.326062769    1.851147795    3733.493168    32.03          
133      NO_ID      0.9197562949   0.8937038374   8308.652923    74.48          
134      NO_ID      0.8811068247   2.33981755     8251.507484    33.91          
135      NO_ID      0.9979523412   1.920626981    6297.235508    34.7           
136      NO_ID      0.860325081    1.069875183    4175.819929    58.51          
137      NO_ID      1.205106165    0.9389434203   7370.359904    63.28          
138      NO_ID      0.8512908313   2.212000263    2085.505843    34.45          
139      NO_ID      0.9631905672   2.358863904    1230.640541    31.15          
140      NO_ID      1.576362432    1.757031496    8014.859016    32.93          
141      NO_ID      1.536384471    1.835086246    8658.264729    32.32          
142      NO_ID      1.515470813    1.210292612    9490.820293    43.27          
143      NO_ID      0.9875117714   1.040424181    4949.947086    61.25          
144      NO_ID      0.8938087307   1.260979267    1991.339143    53.71          
145      NO_ID      0.8244134538   1.311063437    6684.028018    52.19          
146      NO_ID      1.490770435    2.076009836    438.7291113    28.25          
147      NO_ID      1.260893766    1.733449993    176.4367424    36.74          
148      NO_ID      1.152750986    2.285873866    8108.324064    31.65          
149      NO_ID      1.346735037    1.334177642    1039.857913    42.15          
150      NO_ID      1.22013357     1.918039552    2795.781209    33.91          
151      NO_ID      1.165716767    1.174210719    4478.681792    48.94          
152      NO_ID      1.352928581    1.322015035    8598.804091    40.36          
153      NO_ID      0.8227361846   0.9466069508   3163.867403    74.09          
154      NO_ID      1.040646984    1.999481289    6910.421256    34.97          
155      NO_ID      1.559593166    2.236422607    3967.855121    27.19          
156      NO_ID      1.575093443    0.9698536187   1896.664564    57.39          
157      NO_ID      1.478455304    2.333734604    8937.170508    28.49          
158      NO_ID      1.448782673    1.764171112    1390.413368    33.82          
159      NO_ID      1.251485383    1.706905819    7242.884886    34.27          
160      NO_ID      1.010006884    1.218056006    9598.640246    50.52          
161      NO_ID      0.9118068166   2.249288704    7970.827161    35             
162      NO_ID      1.059426516    1.861573386    7108.699839    35.17          
163      NO_ID      1.376753256    1.90298637     2332.69817     32.73          
164      NO_ID      0.8442508371   0.8260137586   5355.417394    86.48          
165      NO_ID      0.9443285401   1.427132658    9775.360285    44.66          
166      NO_ID      1.054687841    2.378877516    6314.667738    31.93          
167      NO_ID      1.000627651    0.8002448726   311.2813555    80.57          
168      NO_ID      1.016202806    1.65310361     74.98347691    38.33          
169      NO_ID      1.548926801    1.132815189    1132.89176     44.81          
170      NO_ID      0.9337167608   1.41130695     2958.048054    45.31          
171      NO_ID      1.130001943    1.958687137    5300.063165    34.81          
172      NO_ID      1.194239471    1.53662341     9835.038322    40.7           
173      NO_ID      1.237256891    2.197952289    9937.632196    27.9           
174      NO_ID      1.244434832    1.119043684    1539.766276    48.11          
175      NO_ID      1.191476912    2.302892117    850.5711533    30.15          
176      NO_ID      1.300528298    1.712372351    3049.997636    35.17          
177      NO_ID      1.425402642    0.8560501802   9223.746152    68.75          
178      NO_ID      1.435793391    2.155706364    6112.095531    29.83          
179      NO_ID      1.507717391    1.039108026    2595.746696    50.99          
180      NO_ID      1.275356801    1.799936599    9659.222955    33.61          
181      NO_ID      0.8335550403   1.357126829    5674.136185    51.51          
182      NO_ID      1.169462928    1.386423756    5935.497992    41.65          
183      NO_ID      1.497385615    1.882063085    3345.510068    30.62          
184      NO_ID      1.077507999    2.054775535    2848.96727     34.26          
185      NO_ID      0.8036581213   1.947761137    7422.515416    41.43          
186      NO_ID      0.970166658    2.089096325    2236.26697     33.25          
187      NO_ID      1.137918299    2.166601883    224.8012328    32.91          
188      NO_ID      1.11132171     1.018278708    7889.400772    59.13          
189      NO_ID      0.8770994392   1.293130232    6886.998202    48.99          
190      NO_ID      1.039701187    1.693518005    1410.857489    38.56          
191      NO_ID      1.462106915    0.9046300392   2496.43052     65.65          
192      NO_ID      0.9794681659   1.617139018    5855.006118    42.36          
193      NO_ID      1.113251496    2.143848082    2668.410223    32.72          
194      NO_ID      1.328961317    1.520291549    654.3674041    35.14          
195      NO_ID      1.229903175    1.809890637    4709.649698    34.46          
196      NO_ID      1.088465549    1.239332046    6576.493448    50.54          
197      NO_ID      1.406843685    0.9771290999   9394.785385    57.85          
198      NO_ID      1.181281579    2.004512553    5789.191541    33.86          
199      NO_ID      0.8695960977   1.980855695    3209.007608    38.35          
200      NO_ID      1.360734393    1.553511087    6762.145624    36.2           
201      NO_ID      1.259734103    1.475433426    4295.189992    40.51          
202      NO_ID      1.585478836    1.007102266    7782.407787    51.3           
203      NO_ID      1.08005653     1.605384868    5406.046557    39.33          
204      NO_ID      1.312520413    1.145207587    591.1962651    46.08          
205      NO_ID      0.8887997994   0.8720166382   9181.361829    78.62          
206      NO_ID      0.9226696689   2.312989867    8737.553337    33.3           
207      NO_ID      1.041467236    1.510036145    3409.829498    43.47          
208      NO_ID      1.343537614    2.02476755     3855.984768    31.53          
209      NO_ID      1.371083332    1.489612448    2109.917755    38.22          
210      NO_ID      1.351725056    1.670166346    7084.139692    34.71          
211      NO_ID      0.8254674783   1.098182458    5106.2453      60.5           
212      NO_ID      1.42752122     1.444383378    7639.901193    39.12          
213      NO_ID      1.307603994    1.375379049    5544.598634    41.79          
214      NO_ID      1.472275108    1.40648561     6469.15612     39.11          
215      NO_ID      1.38412773     1.272729869    8423.480474    40.81          
216      NO_ID      1.007508422    2.396013937    4611.885326    29.62          
217      NO_ID      0.8755666621   1.780509676    5097.915079    41.84          
218      NO_ID      0.9328089201   1.577892062    7507.525573    45.29          
219      NO_ID      1.572373682    1.594928108    751.450185     34.68          
220      NO_ID      0.8143723439   2.261452857    8886.425221    35.98          
221      NO_ID      1.459961415    1.457109781    3660.878068    37.7           
222      NO_ID      1.366467179    1.642491562    6070.97609     35.37          
223      NO_ID      1.106329833    2.108909356    3529.968145    30.77          
224      NO_ID      0.9986595411   0.8469349809   4379.719989    77.05          
225      NO_ID      1.227059696    1.193173873    4021.870662    43.33          
226      NO_ID      0.9189294092   2.121214793    4893.603601    35.67          
227      NO_ID      1.009698713    2.034839033    4579.503919    33.5           
228      NO_ID      1.058433938    2.178043036    1701.913656    32.96          
229      NO_ID      1.144373325    0.922539098    983.5474821    67.1           
230      NO_ID      1.284860359    1.081372409    1606.187995    50.38          
231      NO_ID      1.137115951    1.162834693    9088.127193    53.06          
232      NO_ID      1.417928204    1.851147795    3733.493168    30.98          
233      NO_ID      0.9837592788   0.8937038374   8308.652923    71.52          
234      NO_ID      1.392781377    2.33981755     8251.507484    27.39          
235      NO_ID      1.413473864    1.920626981    6297.235508    31.82          
236      NO_ID      1.177862171    1.069875183    4175.819929    50.48          
237      NO_ID      1.495274563    0.9389434203   7370.359904    59.42          
238      NO_ID      1.534042891    2.212000263    2085.505843    27.58          
239      NO_ID      1.247865847    2.358863904    1230.640541    28.88          
240      NO_ID      1.561663533    1.757031496    8014.859016    33.35          
241      NO_ID      1.01600623     1.835086246    8658.264729    39.29          
242      NO_ID      0.846237528    1.210292612    9490.820293    54.91          
243      NO_ID      1.29344246     1.040424181    4949.947086    51.93          
244      NO_ID      1.538493689    1.260979267    1991.339143    41.05          
245      NO_ID      1.580541603    1.311063437    6684.028018    41.06          
246      NO_ID      0.9371429345   2.076009836    438.7291113    36.89          
247      NO_ID      1.50607024     1.733449993    176.4367424    35.31          
248      NO_ID      1.212947088    2.285873866    8108.324064    30.87          
249      NO_ID      1.547401247    1.334177642    1039.857913    39.82          
250      NO_ID      0.8652481491   1.918039552    2795.781209    38.53          
251      NO_ID      0.8378559515   1.174210719    4478.681792    56.43          
252      NO_ID      1.068893225    1.322015035    8598.804091    46.8           
253      NO_ID      0.9496645806   0.9466069508   3163.867403    69.05          
254      NO_ID      1.356506306    1.999481289    6910.421256    30.35          
255      NO_ID      1.154337157    2.236422607    3967.855121    31.44          
256      NO_ID      1.0254546      0.9698536187   1896.664564    65.84          
257      NO_ID      1.37843691     2.333734604    8937.170508    28.41          
258      NO_ID      0.8029963209   1.764171112    1390.413368    43.92          
259      NO_ID      1.440976306    1.706905819    7242.884886    33.66          
260      NO_ID      1.124894823    1.218056006    9598.640246    46.35          
261      NO_ID      1.470665559    2.249288704    7970.827161    27.54          
262      NO_ID      1.09145556     1.861573386    7108.699839    35.56          
263      NO_ID      1.236113875    1.90298637     2332.69817     35.91          
264      NO_ID      0.8236057145   0.8260137586   5355.417394    87.49          
265      NO_ID      1.167790044    1.427132658    9775.360285    42.17          
266      NO_ID      0.8964646689   2.378877516    6314.667738    31.97          
267      NO_ID      1.076198051    0.8002448726   311.2813555    78.21          
268      NO_ID      1.513457889    1.65310361     74.98347691    32.71          
269      NO_ID      0.8812479562   1.132815189    1132.89176     57.32          
270      NO_ID      1.264371603    1.41130695     2958.048054    39.77          
271      NO_ID      1.252739317    1.958687137    5300.063165    33.22          
272      NO_ID      0.8527892679   1.53662341     9835.038322    44.07          
273      NO_ID      1.452879973    2.197952289    9937.632196    29.28          
274      NO_ID      1.116198197    1.119043684    1539.766276    48.75          
275      NO_ID      1.437466108    2.302892117    850.5711533    27.16          
276      NO_ID      1.18764856     1.712372351    3049.997636    34.64          
277      NO_ID      1.401847151    0.8560501802   9223.746152    70.46          
278      NO_ID      1.192724851    2.155706364    6112.095531    29.64          
279      NO_ID      1.096184499    1.039108026    2595.746696    57.87          
280      NO_ID      1.039937693    1.799936599    9659.222955    36.5           
281      NO_ID      1.481386917    1.357126829    5674.136185    39.21          
282      NO_ID      1.499128485    1.386423756    5935.497992    38.83          
283      NO_ID      0.960164676    1.882063085    3345.510068    37.01          
284      NO_ID      0.9572071078   2.054775535    2848.96727     36.21          
285      NO_ID      1.052939852    1.947761137    7422.515416    36.22          
286      NO_ID      1.32010612     2.089096325    2236.26697     30.46          
287      NO_ID      0.8607748013   2.166601883    224.8012328    36.33          
288      NO_ID      1.278879523    1.018278708    7889.400772    55.15          
289      NO_ID      1.21759739     1.293130232    6886.998202    43.37          
290      NO_ID      0.9684512926   1.693518005    1410.857489    39.29          
291      NO_ID      1.556160544    0.9046300392   2496.43052     62.31          
292      NO_ID      1.592250506    1.617139018    5855.006118    33.8           
293      NO_ID      1.131198888    2.143848082    2668.410223    32.24          
294      NO_ID      1.170930895    1.520291549    654.3674041    39.56          
295      NO_ID      1.206281408    1.809890637    4709.649698    35.02          
296      NO_ID      0.9076739911   1.239332046    6576.493448    52.99          
297      NO_ID      1.335591084    0.9771290999   9394.785385    57.8           
298      NO_ID      0.9897759902   2.004512553    5789.191541    35.36          
299      NO_ID      1.297364193    1.980855695    3209.007608    31.47          
300      NO_ID      1.525300178    1.553511087    6762.145624    35.45          
301      NO_ID      1.313269172    0.8551960661   4295.189992    72.16          
302      NO_ID      1.586087149    1.722417232    7782.407787    30.96          
303      NO_ID      1.269840315    1.520225277    5406.046557    38.13          
304      NO_ID      1.306847781    1.773809655    591.1962651    33.9           
305      NO_ID      1.289981848    2.156172561    9181.361829    28.78          
306      NO_ID      0.9241304028   1.644340325    8737.553337    39.15          
307      NO_ID      1.336115148    1.247444085    3409.829498    43.56          
308      NO_ID      0.8970619633   1.37719281     3855.984768    49.71          
309      NO_ID      1.280381729    1.504088354    2109.917755    36.45          
310      NO_ID      1.531188038    1.857016934    7084.139692    31.42          
311      NO_ID      1.148393813    1.452355916    5106.2453      42.44          
312      NO_ID      1.368368021    1.549047383    7639.901193    37.82          
313      NO_ID      1.123538818    1.595381471    5544.598634    40.3           
314      NO_ID      1.440137289    0.9268265418   6469.15612     63.86          
315      NO_ID      1.415836084    2.040979895    8423.480474    30.63          
316      NO_ID      1.594996901    0.99341588     4611.885326    54.42          
317      NO_ID      0.9385836518   1.356835152    5097.915079    46.88          
318      NO_ID      1.083271624    0.9375663996   7507.525573    66.85          
319      NO_ID      1.025474669    2.321774253    751.450185     33.3           
320      NO_ID      1.421629263    1.027135726    8886.425221    53.74          
321      NO_ID      1.394491306    1.80197277     3660.878068    33.88          
322      NO_ID      1.565080749    1.273712548    6070.97609     39.9           
323      NO_ID      1.097386355    1.701735452    3529.968145    36.64          
324      NO_ID      1.483787774    2.184980435    4379.719989    26.82          
325      NO_ID      0.8086827797   1.126218837    4021.870662    61.67          
326      NO_ID      1.38432583     2.004395549    4893.603601    31.57          
327      NO_ID      1.467932927    1.877933092    4579.503919    30.89          
328      NO_ID      1.069567794    1.611664115    1701.913656    39.66          
329      NO_ID      1.215638922    1.579309717    983.5474821    38.15          
330      NO_ID      1.525198189    0.8863224037   1606.187995    64.9           
331      NO_ID      0.9583614896   1.288683137    9088.127193    47.95          
332      NO_ID      1.326062769    1.99420092     3733.493168    29.5           
333      NO_ID      0.9197562949   0.9747499878   8308.652923    63.9           
334      NO_ID      0.8811068247   1.392250182    8251.507484    49.48          
335      NO_ID      0.9979523412   2.111547393    6297.235508    34.98          
336      NO_ID      0.860325081    1.789600617    4175.819929    39.16          
337      NO_ID      1.205106165    2.336406706    7370.359904    30.3           
338      NO_ID      0.8512908313   1.694820814    2085.505843    42.37          
339      NO_ID      0.9631905672   2.310840656    1230.640541    32.8           
340      NO_ID      1.576362432    2.359029384    8014.859016    26.7           
341      NO_ID      1.536384471    1.017127104    8658.264729    51.43          
342      NO_ID      1.515470813    1.815191211    9490.820293    31.39          
343      NO_ID      0.9875117714   2.081913508    4949.947086    36.3           
344      NO_ID      0.8938087307   1.332740376    1991.339143    48.4           
345      NO_ID      0.8244134538   0.8155133541   6684.028018    86.91          
346      NO_ID      1.490770435    2.387227507    438.7291113    24.44          
347      NO_ID      1.260893766    1.056723637    176.4367424    53.96          
348      NO_ID      1.152750986    1.475179451    8108.324064    40.18          
349      NO_ID      1.346735037    0.9812246523   1039.857913    55.74          
350      NO_ID      1.22013357     0.9103172376   2795.781209    65.26          
351      NO_ID      1.165716767    1.841526562    4478.681792    33.95          
352      NO_ID      1.352928581    2.228097093    8598.804091    27.97          
353      NO_ID      0.8227361846   0.8294765564   3163.867403    84.79          
354      NO_ID      1.040646984    1.300415987    6910.421256    48.46          
355      NO_ID      1.559593166    1.048333348    3967.855121    50.14          
356      NO_ID      1.575093443    1.462318104    1896.664564    36.23          
357      NO_ID      1.478455304    1.758639355    8937.170508    31.84          
358      NO_ID      1.448782673    1.087378752    1390.413368    45.66          
359      NO_ID      1.251485383    1.65769536     7242.884886    35.99          
360      NO_ID      1.010006884    1.423790191    9598.640246    44.39          
361      NO_ID      0.9118068166   1.314254788    7970.827161    49.37          
362      NO_ID      1.059426516    2.220335475    7108.699839    32.21          
363      NO_ID      1.376753256    1.252494952    2332.69817     44.44          
364      NO_ID      0.8442508371   1.492695811    5355.417394    47.32          
365      NO_ID      0.9443285401   2.055555439    9775.360285    36.93          
366      NO_ID      1.054687841    2.07012683     6314.667738    33.1           
367      NO_ID      1.000627651    1.946654758    311.2813555    35.97          
368      NO_ID      1.016202806    1.963673699    74.98347691    36.06          
369      NO_ID      1.548926801    2.123411917    1132.89176     28.64          
370      NO_ID      0.9337167608   2.369726263    2958.048054    31.44          
371      NO_ID      1.130001943    0.879031983    5300.063165    75.29          
372      NO_ID      1.194239471    1.829294368    9835.038322    35.34          
373      NO_ID      1.237256891    0.9556363519   9937.632196    63.29          
374      NO_ID      1.244434832    1.555181478    1539.766276    36.84          
375      NO_ID      1.191476912    2.299370606    850.5711533    28.9           
376      NO_ID      1.300528298    2.030195404    3049.997636    30.49          
377      NO_ID      1.425402642    1.91470146     9223.746152    30.9           
378      NO_ID      1.435793391    2.256646937    6112.095531    28.54          
379      NO_ID      1.507717391    2.280363725    2595.746696    25.6           
380      NO_ID      1.275356801    1.665184714    9659.222955    36.59          
381      NO_ID      0.8335550403   2.141582621    5674.136185    36.14          
382      NO_ID      1.169462928    1.176635074    5935.497992    47.88          
383      NO_ID      1.497385615    2.24790073     3345.510068    28.18          
384      NO_ID      1.077507999    2.195775759    2848.96727     32.69          
385      NO_ID      0.8036581213   1.977460765    7422.515416    39.13          
386      NO_ID      0.970166658    2.171547672    2236.26697     32.84          
387      NO_ID      1.137918299    1.892975717    224.8012328    34.61          
388      NO_ID      1.11132171     1.147957122    7889.400772    52.11          
389      NO_ID      0.8770994392   1.729853905    6886.998202    42.04          
390      NO_ID      1.039701187    1.093205285    1410.857489    52.99          
391      NO_ID      1.462106915    1.221708053    2496.43052     40.25          
392      NO_ID      0.9794681659   1.362644271    5855.006118    47.8           
393      NO_ID      1.113251496    1.1972598      2668.410223    48.02          
394      NO_ID      1.328961317    1.430774424    654.3674041    40.47          
395      NO_ID      1.229903175    1.209388019    4709.649698    42.38          
396      NO_ID      1.088465549    1.156341585    6576.493448    55.06          
397      NO_ID      1.406843685    1.925202933    9394.785385    31.45          
398      NO_ID      1.181281579    1.117512542    5789.191541    50.42          
399      NO_ID      0.8695960977   0.8444021252   3209.007608    82.65          
400      NO_ID      1.360734393    1.628642809    6762.145624    35.61          
401      NO_ID      1.313269172    1.475433426    891.6675723    38.37          
402      NO_ID      1.586087149    1.007102266    4336.196221    53.39          
403      NO_ID      1.269840315    1.605384868    9397.721729    37.41          
404      NO_ID      1.306847781    1.145207587    1623.717528    48.51          
405      NO_ID      1.289981848    0.8720166382   5953.813601    67.9           
406      NO_ID      0.9241304028   2.312989867    4965.272535    33.34          
407      NO_ID      1.336115148    1.510036145    4727.740503    37.96          
408      NO_ID      0.8970619633   2.02476755     7706.718576    38.5           
409      NO_ID      1.280381729    1.489612448    5486.524451    39.98          
410      NO_ID      1.531188038    1.670166346    5530.925078    33.83          
411      NO_ID      1.148393813    1.098182458    3788.949193    51.1           
412      NO_ID      1.368368021    1.444383378    1241.914188    40.29          
413      NO_ID      1.123538818    1.375379049    7252.153875    43.06          
414      NO_ID      1.440137289    1.40648561     5100.542032    38.93          
415      NO_ID      1.415836084    1.272729869    2029.772248    41.33          
416      NO_ID      1.594996901    2.396013937    348.5022688    25.73          
417      NO_ID      0.9385836518   1.780509676    6724.740111    38.94          
418      NO_ID      1.083271624    1.577892062    6369.606679    40.03          
419      NO_ID      1.025474669    1.594928108    1808.517221    42.55          
420      NO_ID      1.421629263    2.261452857    3281.039171    28.8           
421      NO_ID      1.394491306    1.457109781    6634.098141    38.64          
422      NO_ID      1.565080749    1.642491562    3087.837344    32.08          
423      NO_ID      1.097386355    2.108909356    9827.88186     32.4           
424      NO_ID      1.483787774    0.8469349809   2493.720468    67.82          
425      NO_ID      0.8086827797   1.193173873    9703.334743    55.21          
426      NO_ID      1.38432583     2.121214793    6222.58856     27.34          
427      NO_ID      1.467932927    2.034839033    2388.807979    28.34          
428      NO_ID      1.069567794    2.178043036    9450.322875    32.61          
429      NO_ID      1.215638922    0.922539098    3854.548831    65.69          
430      NO_ID      1.525198189    1.081372409    8999.874072    49.46          
431      NO_ID      0.9583614896   1.162834693    770.4746529    54.58          
432      NO_ID      1.326062769    1.851147795    8124.875138    32.99          
433      NO_ID      0.9197562949   0.8937038374   1354.84871     76.93          
434      NO_ID      0.8811068247   2.33981755     6894.601541    35.06          
435      NO_ID      0.9979523412   1.920626981    2681.543957    37.43          
436      NO_ID      0.860325081    1.069875183    5335.72336     62.58          
437      NO_ID      1.205106165    0.9389434203   4.142604308    63.79          
438      NO_ID      0.8512908313   2.212000263    4112.797574    35.29          
439      NO_ID      0.9631905672   2.358863904    5601.135144    34.62          
440      NO_ID      1.576362432    1.757031496    8096.435105    30.88          
441      NO_ID      1.536384471    1.835086246    9261.030337    30.18          
442      NO_ID      1.515470813    1.210292612    2216.900516    42.68          
443      NO_ID      0.9875117714   1.040424181    6148.868149    58.31          
444      NO_ID      0.8938087307   1.260979267    2911.258371    51.18          
445      NO_ID      0.8244134538   1.311063437    9126.765434    52.48          
446      NO_ID      1.490770435    2.076009836    1161.325694    28.38          
447      NO_ID      1.260893766    1.733449993    5282.273297    37.43          
448      NO_ID      1.152750986    2.285873866    2563.179161    29.43          
449      NO_ID      1.346735037    1.334177642    651.7919836    40.54          
450      NO_ID      1.22013357     1.918039552    7032.617061    35.3           
451      NO_ID      1.165716767    1.174210719    7470.554866    51.07          
452      NO_ID      1.352928581    1.322015035    8630.224822    40.27          
453      NO_ID      0.8227361846   0.9466069508   1025.82673     74.59          
454      NO_ID      1.040646984    1.999481289    1960.690558    35.8           
455      NO_ID      1.559593166    2.236422607    7925.599002    28.05          
456      NO_ID      1.575093443    0.9698536187   9934.513674    55.54          
457      NO_ID      1.478455304    2.333734604    8714.937212    27.08          
458      NO_ID      1.448782673    1.764171112    6527.288539    33.25          
459      NO_ID      1.251485383    1.706905819    4290.180169    36.95          
460      NO_ID      1.010006884    1.218056006    557.2719247    48.11          
461      NO_ID      0.9118068166   2.249288704    6412.345338    35.8           
462      NO_ID      1.059426516    1.861573386    7897.388491    37.16          
463      NO_ID      1.376753256    1.90298637     4611.544092    32.84          
464      NO_ID      0.8442508371   0.8260137586   1795.105929    86.3           
465      NO_ID      0.9443285401   1.427132658    3933.041259    45.12          
466      NO_ID      1.054687841    2.378877516    1521.154092    30.33          
467      NO_ID      1.000627651    0.8002448726   5716.893938    80.36          
468      NO_ID      1.016202806    1.65310361     7356.074619    41.58          
469      NO_ID      1.548926801    1.132815189    4081.335942    44.64          
470      NO_ID      0.9337167608   1.41130695     8449.879878    46.98          
471      NO_ID      1.130001943    1.958687137    7122.164235    33.36          
472      NO_ID      1.194239471    1.53662341     4591.223776    40.84          
473      NO_ID      1.237256891    2.197952289    3146.338892    28.43          
474      NO_ID      1.244434832    1.119043684    3419.31514     50.18          
475      NO_ID      1.191476912    2.302892117    6917.137422    30.11          
476      NO_ID      1.300528298    1.712372351    7636.599324    35.48          
477      NO_ID      1.425402642    0.8560501802   9003.788326    69.12          
478      NO_ID      1.435793391    2.155706364    3542.296829    28.77          
479      NO_ID      1.507717391    1.039108026    2730.290412    50.41          
480      NO_ID      1.275356801    1.799936599    190.5574022    34.81          
481      NO_ID      0.8335550403   1.357126829    5851.489623    50.61          
482      NO_ID      1.169462928    1.386423756    2864.054042    44.69          
483      NO_ID      1.497385615    1.882063085    8571.369936    30.26          
484      NO_ID      1.077507999    2.054775535    4823.311237    33.18          
485      NO_ID      0.8036581213   1.947761137    6042.136926    38.61          
486      NO_ID      0.970166658    2.089096325    3689.886974    33.83          
487      NO_ID      1.137918299    2.166601883    7540.629579    31.27          
488      NO_ID      1.11132171     1.018278708    1476.407558    57.71          
489      NO_ID      0.8770994392   1.293130232    3322.511859    52.23          
490      NO_ID      1.039701187    1.693518005    914.841752     39.01          
491      NO_ID      1.462106915    0.9046300392   264.6146768    65.29          
492      NO_ID      0.9794681659   1.617139018    8369.793464    43.88          
493      NO_ID      1.113251496    2.143848082    2170.261546    32.03          
494      NO_ID      1.328961317    1.520291549    8225.355712    38.37          
495      NO_ID      1.229903175    1.809890637    9605.187361    33.35          
496      NO_ID      1.088465549    1.239332046    9541.149592    47.64          
497      NO_ID      1.406843685    0.9771290999   432.3924546    52.4           
498      NO_ID      1.181281579    2.004512553    5043.206508    32.66          
499      NO_ID      0.8695960977   1.980855695    4432.357167    38.87          
500      NO_ID      1.360734393    1.553511087    8828.601201    37.4           
