%eval_id interface desired_speed  radius         time_gap       strength_neighbor range_neighbor strength_geometry range_geometry flow_2.4       density_2.4    speed_2.4      flow_3.6       density_3.6    speed_3.6      flow_5.0       density_5.0    speed_5.0      
1        NO_ID      1.466666667    0.1633333333   1.2            2              0.34           1              0.2            0              0              0              0              0              0              0              0              0              
2        NO_ID      1.466666667    0.1633333333   1.2            2              0.34           1              0.07333333333  2.89316        3.75243        0.25504        5.08906        3.25786        0.34446        6.97382        2.8566         0.44566        
3        NO_ID      0.8            0.1633333333   1.2            2              0.34           1              0.07333333333  2.90035        3.82697        0.23099        4.59486        3.22116        0.36546        6.25841        2.90779        0.42645        
4        NO_ID      0.8            0.1633333333   1.2            10.66666667    0.34           1              0.07333333333  0              0              0              0              0              0              0              0              0              
5        NO_ID      0.8            0.25           1.2            10.66666667    0.34           1              0.07333333333  1.61086        1.42315        0.34574        2.4456         1.25811        0.49676        3.36458        1.17126        0.56328        
6        NO_ID      0.8            0.25           1.2            10.66666667    0.02           1              0.07333333333  1.4052         2.0447         0.18776        1.7316         1.20397        0.30658        1.85332        1.29587        0.20007        
7        NO_ID      0.8            0.25           0.4666666667   10.66666667    0.02           1              0.07333333333  2.574          2.71076        0.27014        3.17893        2.21081        0.36998        3.36226        1.94184        0.32761        
8        NO_ID      0.8            0.25           0.4666666667   10.66666667    0.02           7              0.07333333333  2.40294        2.71465        0.26605        3.10697        2.21236        0.36102        3.37675        1.82574        0.35031        
9        NO_ID      1.133333333    0.12           0.1            15             0.18           4              0.01           8.95713        3.70929        0.6774         13.44861       3.36002        0.88919        18.32011       3.15147        0.99535        
10       NO_ID      1.133333333    0.12           0.1            15             0.5            4              0.01           2.56481        1.10618        0.61038        3.63281        0.93816        0.91408        5.07246        0.90527        0.99804        
11       NO_ID      1.133333333    0.12           0.1            15             0.5            10             0.01           2.48491        1.10041        0.60511        3.66588        0.95888        0.8916         5.06696        0.91048        1.00653        
12       NO_ID      1.8            0.12           0.1            15             0.5            10             0.01           3.73794        1.08764        0.92703        5.51615        0.94303        1.40268        7.83814        0.91707        1.56101        
13       NO_ID      1.8            0.12           0.1            15             0.5            10             0.1366666667   0              0              0              0              0              0              0              0              0              
14       NO_ID      1.8            0.2066666667   0.1            15             0.5            10             0.1366666667   0              0              0              0              0              0              0              0              0              
15       NO_ID      1.8            0.2066666667   0.8333333333   15             0.5            10             0.1366666667   2.44584        0.91372        0.8828         3.73035        0.89015        1.11713        5.27619        0.81519        1.32896        
16       NO_ID      1.8            0.2066666667   0.8333333333   6.333333333    0.5            10             0.1366666667   3.00107        1.35065        0.68113        4.72081        1.25561        0.95928        6.79282        1.1698         1.23795        
17       NO_ID      1.466666667    0.1633333333   0.4666666667   2              0.02           4              0.2            3.28407        2.38246        0.42992        3.60082        1.0589         0.69445        3.72439        0.6334         0.15015        
18       NO_ID      1.466666667    0.25           0.4666666667   2              0.02           4              0.2            1.46566        1.15396        0.40618        2.32751        0.51453        0.88495        2.87392        0.48762        0.42309        
19       NO_ID      1.466666667    0.25           1.2            2              0.02           4              0.2            0.80341        1.44535        0.16671        1.52705        0.53934        0.50737        1.63113        0.38528        0.2919         
20       NO_ID      0.8            0.25           1.2            2              0.02           4              0.2            0.58747        1.52337        0.108          1.04407        0.51866        0.40885        1.305          0.44536        0.21709        
21       NO_ID      0.8            0.25           1.2            2              0.02           4              0.07333333333  0.68262        1.41391        0.11334        0.92755        0.44844        0.2243         1.3507         0.47722        0.16985        
22       NO_ID      0.8            0.25           1.2            10.66666667    0.02           4              0.07333333333  1.39428        2.02605        0.20317        1.70878        0.9309         0.36175        1.76941        1.11157        0.18302        
23       NO_ID      0.8            0.25           1.2            10.66666667    0.02           10             0.07333333333  1.36732        2.01999        0.20212        1.66429        0.98186        0.36029        1.71569        1.08869        0.20237        
24       NO_ID      0.8            0.25           1.2            10.66666667    0.34           10             0.07333333333  1.50827        1.37362        0.3599         2.34401        1.27314        0.4867         3.29554        1.18411        0.58344        
25       NO_ID      1.133333333    0.12           0.1            15             0.18           1              0.07333333333  0              0              0              0              0              0              0              0              0              
26       NO_ID      1.133333333    0.12           0.1            15             0.5            1              0.07333333333  0              0              0              0              0              0              0              0              0              
27       NO_ID      1.8            0.12           0.1            15             0.5            1              0.07333333333  0              0              0              0              0              0              0              0              0              
28       NO_ID      1.8            0.12           0.1            15             0.5            1              0.2            0              0              0              0              0              0              0              0              0              
29       NO_ID      1.8            0.12           0.8333333333   15             0.5            1              0.2            0              0              0              0              0              0              0              0              0              
30       NO_ID      1.8            0.2066666667   0.8333333333   15             0.5            1              0.2            0              0              0              0              0              0              0              0              0              
31       NO_ID      1.8            0.2066666667   0.8333333333   6.333333333    0.5            1              0.2            0              0              0              0              0              0              0              0              0              
32       NO_ID      1.8            0.2066666667   0.8333333333   6.333333333    0.5            7              0.2            2.9449         1.36652        0.67226        4.8011         1.2845         0.96701        6.52994        1.19048        1.15492        
33       NO_ID      1.466666667    0.25           1.2            10.66666667    0.34           4              0.01           2.06673        1.39347        0.43865        3.06614        1.19571        0.59205        4.12614        1.06307        0.70653        
34       NO_ID      1.466666667    0.25           1.2            2              0.34           4              0.01           2.11353        1.69081        0.40555        3.0722         1.4765         0.54679        4.02946        1.39549        0.59863        
35       NO_ID      1.466666667    0.25           1.2            2              0.02           4              0.01           1.46199        0.94554        0.32358        1.59599        0.38193        0.32393        1.55867        0.5703         0.17338        
36       NO_ID      0.8            0.25           1.2            2              0.02           4              0.01           1.19954        1.07274        0.24661        1.29235        0.39531        0.23504        1.29774        0.55622        0.13812        
37       NO_ID      0.8            0.25           1.2            2              0.02           10             0.01           1.20456        1.01452        0.27043        1.33143        0.39488        0.28743        1.4782         0.61821        0.19639        
38       NO_ID      0.8            0.1633333333   1.2            2              0.02           10             0.01           1.57392        1.97723        0.1618         1.74978        0.6001         0.14769        1.68289        0.71898        0.05589        
39       NO_ID      0.8            0.1633333333   0.4666666667   2              0.02           10             0.01           2.95921        2.34893        0.27583        3.26087        0.9588         0.2534         3.39641        0.84597        0.10844        
40       NO_ID      0.8            0.1633333333   0.4666666667   2              0.02           10             0.1366666667   2.59631        2.42048        0.3302         2.91849        1.20223        0.51852        3.23591        0.64872        0.13153        
41       NO_ID      1.133333333    0.12           0.8333333333   15             0.34           1              0.07333333333  0              0              0              0              0              0              0              0              0              
42       NO_ID      1.133333333    0.12           0.1            15             0.34           1              0.07333333333  0              0              0              0              0              0              0              0              0              
43       NO_ID      1.8            0.12           0.1            15             0.34           1              0.07333333333  0              0              0              0              0              0              0              0              0              
44       NO_ID      1.8            0.12           0.1            15             0.34           1              0.2            0              0              0              0              0              0              0              0              0              
45       NO_ID      1.8            0.12           0.1            15             0.02           1              0.2            0              0              0              0              0              0              0              0              0              
46       NO_ID      1.8            0.12           0.1            15             0.02           7              0.2            15.34216       11.01544       0.41726        24.69136       6.75564        0.86453        30.7947        3.01692        1.21333        
47       NO_ID      1.8            0.2066666667   0.1            15             0.02           7              0.2            5.74495        4.81062        0.37312        10.44944       4.33776        0.65402        14.58333       3.92078        0.76109        
48       NO_ID      1.8            0.2066666667   0.1            6.333333333    0.02           7              0.2            5.54897        4.66631        0.38553        9.78337        3.83107        0.71393        11.96581       2.97041        0.78331        
49       NO_ID      1.466666667    0.25           1.2            2              0.18           10             0.01           2.08333        2.11728        0.28112        2.86123        1.7577         0.39906        3.53343        1.36728        0.49066        
50       NO_ID      1.466666667    0.25           1.2            2              0.5            10             0.01           1.98041        1.48931        0.4378         3.22469        1.31373        0.64304        4.21229        1.28988        0.71875        
51       NO_ID      1.466666667    0.25           1.2            2              0.5            4              0.01           1.99345        1.70581        0.37712        3.199          1.37323        0.61558        4.44338        1.25927        0.71792        
52       NO_ID      0.8            0.25           1.2            2              0.5            4              0.01           1.62658        1.68473        0.31951        2.68508        1.58219        0.46195        3.60082        1.39814        0.58892        
53       NO_ID      0.8            0.25           1.2            2              0.5            4              0.1366666667   1.23686        1.82092        0.24102        2.36766        1.65323        0.42922        3.60082        1.43091        0.58282        
54       NO_ID      0.8            0.25           0.4666666667   2              0.5            4              0.1366666667   2.38826        2.00603        0.41699        4.05835        2.00804        0.56907        5.85529        1.83494        0.70638        
55       NO_ID      0.8            0.25           0.4666666667   10.66666667    0.5            4              0.1366666667   0              0              0              0              0              0              0              0              0              
56       NO_ID      0.8            0.1633333333   0.4666666667   10.66666667    0.5            4              0.1366666667   0              0              0              0              0              0              0              0              0              
57       NO_ID      1.133333333    0.2066666667   0.1            10.66666667    0.02           10             0.07333333333  6.6762         4.78291        0.41418        10.49661       4.25032        0.62611        13.29535       3.74899        0.6666         
58       NO_ID      1.133333333    0.12           0.1            10.66666667    0.02           10             0.07333333333  18.3727        10.53782       0.48488        25.69061       6.09498        0.85411        30.30303       2.96889        0.97419        
59       NO_ID      1.8            0.12           0.1            10.66666667    0.02           10             0.07333333333  21.02102       9.5796         0.60424        27.38791       4.30233        1.13738        33.21429       1.94529        1.12034        
60       NO_ID      1.8            0.12           0.1            10.66666667    0.02           10             0.2            12.5448        11.60954       0.33583        23.13433       6.47012        0.88298        29.16667       2.64641        1.30387        
61       NO_ID      1.8            0.12           0.1            2              0.02           10             0.2            11.04513       5.60596        0.70842        13.78968       2.46874        1.1911         15.60045       0.92581        0.7244         
62       NO_ID      1.8            0.12           0.1            2              0.02           4              0.2            13.03538       5.04427        0.74028        14.48598       2.1179         1.03616        17.35075       0.88821        0.39714        
63       NO_ID      1.8            0.12           0.1            2              0.34           4              0.2            19.53782       4.92678        1.0152         29.80769       4.49386        1.40684        40.20468       4.17391        1.6086         
64       NO_ID      1.8            0.12           0.8333333333   2              0.34           4              0.2            6.10236        5.1774         0.34178        8.92514        4.48584        0.46538        12.14099       3.81464        0.55811        
65       NO_ID      0.8            0.1633333333   0.4666666667   15             0.5            7              0.01           1.67504        1.02184        0.46471        2.46262        0.90011        0.65859        3.4774         0.87943        0.71572        
66       NO_ID      0.8            0.1633333333   1.2            15             0.5            7              0.01           1.58353        1.03799        0.43706        2.3846         0.92013        0.62473        3.24555        0.87629        0.67112        
67       NO_ID      0.8            0.25           1.2            15             0.5            7              0.01           1.20921        0.92771        0.42389        1.80529        0.80606        0.62319        2.5487         0.77491        0.69843        
68       NO_ID      0.8            0.25           1.2            15             0.5            7              0.1366666667   0              0              0              0              0              0              0              0              0              
69       NO_ID      1.466666667    0.25           1.2            15             0.5            7              0.1366666667   0              0              0              0              0              0              0              0              0              
70       NO_ID      1.466666667    0.25           1.2            15             0.5            1              0.1366666667   0              0              0              0              0              0              0              0              0              
71       NO_ID      1.466666667    0.25           1.2            15             0.18           1              0.1366666667   0              0              0              0              0              0              0              0              0              
72       NO_ID      1.466666667    0.25           1.2            6.333333333    0.18           1              0.1366666667   0              0              0              0              0              0              0              0              0              
73       NO_ID      1.8            0.12           0.8333333333   10.66666667    0.02           4              0.01           4.10437        5.4877         0.18589        4.71857        2.171          0.31486        5.69853        1.00935        0.20896        
74       NO_ID      1.8            0.12           0.1            10.66666667    0.02           4              0.01           23.6532        8.77064        0.68978        29.91453       3.77275        1.2469         34.31373       1.91606        1.07423        
75       NO_ID      1.8            0.12           0.1            2              0.02           4              0.01           13.26628       3.94801        0.66978        15.57093       1.21983        0.92487        20.28986       0.95547        0.43544        
76       NO_ID      1.8            0.12           0.1            2              0.34           4              0.01           20.46784       4.74345        1.06037        31.57277       4.49426        1.39309        41.36905       4.03445        1.601          
77       NO_ID      1.8            0.12           0.1            2              0.34           4              0.1366666667   20.54795       5.06412        0.99671        31.35198       4.61186        1.3809         40.41298       4.15414        1.62863        
78       NO_ID      1.8            0.12           0.1            2              0.34           10             0.1366666667   19.12568       4.94898        1.03253        29.61783       4.52193        1.41363        40.49708       4.22516        1.63145        
79       NO_ID      1.8            0.2066666667   0.1            2              0.34           10             0.1366666667   9.00383        3.32491        0.93504        15.60045       3.27301        1.31853        23.07061       3.1285         1.56332        
80       NO_ID      1.133333333    0.2066666667   0.1            2              0.34           10             0.1366666667   5.90717        3.51318        0.60043        10.85271       3.46081        0.87267        16.09195       3.24374        1.01042        
81       NO_ID      1.466666667    0.1633333333   1.2            6.333333333    0.18           10             0.2            2.23285        4.34208        0.15995        3.62882        3.803          0.23826        5.20253        3.14131        0.32074        
82       NO_ID      1.466666667    0.1633333333   1.2            15             0.18           10             0.2            2.31023        2.94983        0.24878        3.61025        2.74922        0.32111        5.02332        2.5169         0.3703         
83       NO_ID      0.8            0.1633333333   1.2            15             0.18           10             0.2            2.12121        2.95921        0.23237        3.50088        2.74992        0.31796        4.69173        2.55674        0.36223        
84       NO_ID      0.8            0.1633333333   1.2            15             0.18           4              0.2            0              0              0              0              0              0              0              0              0              
85       NO_ID      0.8            0.25           1.2            15             0.18           4              0.2            0              0              0              0              0              0              0              0              0              
86       NO_ID      0.8            0.25           1.2            15             0.5            4              0.2            0              0              0              0              0              0              0              0              0              
87       NO_ID      0.8            0.25           0.4666666667   15             0.5            4              0.2            0              0              0              0              0              0              0              0              0              
88       NO_ID      0.8            0.25           0.4666666667   15             0.5            4              0.07333333333  1.41649        0.83593        0.52595        2.12426        0.79028        0.65847        2.94799        0.78305        0.71715        
89       NO_ID      1.466666667    0.12           0.8333333333   10.66666667    0.18           10             0.01           5.7971         4.4182         0.35651        8.28893        3.87886        0.46471        10.90343       3.46029        0.52585        
90       NO_ID      1.466666667    0.12           0.1            10.66666667    0.18           10             0.01           13.55685       4.21044        0.86937        20.05772       3.81158        1.13818        27.41617       3.56618        1.2653         
91       NO_ID      1.466666667    0.12           0.1            2              0.18           10             0.01           22.59615       8.8363         0.78573        36.71875       7.10271        1.23314        49.46809       5.77632        1.34215        
92       NO_ID      1.466666667    0.12           0.1            2              0.18           4              0.01           24.00691       8.62574        0.84928        38.88889       7.16795        1.20356        48.61111       5.74374        1.34643        
93       NO_ID      0.8            0.12           0.1            2              0.18           4              0.01           15.11254       8.89538        0.51605        23.84615       7.37792        0.71768        30.59211       5.9944         0.76252        
94       NO_ID      0.8            0.12           0.1            2              0.5            4              0.01           6.86275        2.98301        0.49533        9.58248        2.74114        0.64408        12.30159       2.57868        0.73216        
95       NO_ID      0.8            0.2066666667   0.1            2              0.5            4              0.01           3.73312        2.53756        0.48597        6.22784        2.35036        0.67943        9.13242        2.22761        0.7587         
96       NO_ID      0.8            0.2066666667   0.1            2              0.5            4              0.1366666667   3.55962        2.54805        0.46239        6.44567        2.3266         0.6766         8.54859        2.22737        0.7206         
97       NO_ID      1.8            0.25           1.2            6.333333333    0.5            1              0.07333333333  2.27384        1.29835        0.49114        3.29087        1.09984        0.68505        4.5977         0.98829        0.85348        
98       NO_ID      1.8            0.25           1.2            6.333333333    0.5            1              0.2            0              0              0              0              0              0              0              0              0              
99       NO_ID      1.8            0.25           1.2            15             0.5            1              0.2            0              0              0              0              0              0              0              0              0              
100      NO_ID      1.133333333    0.25           1.2            15             0.5            1              0.2            0              0              0              0              0              0              0              0              0              
101      NO_ID      1.133333333    0.1633333333   1.2            15             0.5            1              0.2            0              0              0              0              0              0              0              0              0              
102      NO_ID      1.133333333    0.1633333333   1.2            15             0.18           1              0.2            0              0              0              0              0              0              0              0              0              
103      NO_ID      1.133333333    0.1633333333   1.2            15             0.18           7              0.2            2.34506        2.9915         0.24509        3.72142        2.74289        0.31531        5.09461        2.51558        0.37022        
104      NO_ID      1.133333333    0.1633333333   0.4666666667   15             0.18           7              0.2            4.95208        2.95346        0.51781        7.56098        2.76119        0.70578        10.81601       2.58682        0.84061        
105      NO_ID      0.8            0.25           0.8333333333   2              0.02           10             0.1366666667   0              0              0              2.34848        1.3607         0.43235        1.332          0.3327         0.17483        
106      NO_ID      0.8            0.25           0.8333333333   2              0.02           10             0.01           1.4468         1.13653        0.28788        1.64783        0.44148        0.32524        1.765          0.53929        0.1901         
107      NO_ID      0.8            0.25           0.1            2              0.02           10             0.01           2.64741        1.95015        0.35716        5.94059        1.77871        0.6644         6.66667        1.92528        0.61904        
108      NO_ID      1.466666667    0.25           0.1            2              0.02           10             0.01           5.04695        1.78447        0.73158        4.78395        1.33233        0.62745        6.28981        1.21849        0.54837        
109      NO_ID      1.466666667    0.25           0.1            10.66666667    0.02           10             0.01           6.21658        3.27603        0.54703        7.97599        3.13509        0.63866        10.2649        2.8359         0.71086        
110      NO_ID      1.466666667    0.25           0.1            10.66666667    0.02           4              0.01           6.06061        3.28747        0.53213        8.07382        3.06563        0.63785        10.35635       2.9254         0.68681        
111      NO_ID      1.466666667    0.1633333333   0.1            10.66666667    0.02           4              0.01           13.0719        6.7902         0.52723        18.30065       5.06627        0.79018        22.8243        2.84139        0.99407        
112      NO_ID      1.466666667    0.1633333333   0.1            10.66666667    0.34           4              0.01           5.33944        1.79571        0.84522        7.97721        1.60714        1.19055        11.07114       1.56656        1.29703        
113      NO_ID      1.8            0.12           1.2            2              0.5            7              0.2            4.20042        3.18956        0.39247        6.47249        2.86704        0.54397        8.75547        2.63577        0.60644        
114      NO_ID      1.8            0.12           1.2            10.66666667    0.5            7              0.2            0              0              0              0              0              0              0              0              0              
115      NO_ID      1.8            0.12           1.2            10.66666667    0.5            1              0.2            0              0              0              0              0              0              0              0              0              
116      NO_ID      1.133333333    0.12           1.2            10.66666667    0.5            1              0.2            0              0              0              0              0              0              0              0              0              
117      NO_ID      1.133333333    0.2066666667   1.2            10.66666667    0.5            1              0.2            0              0              0              0              0              0              0              0              0              
118      NO_ID      1.133333333    0.2066666667   1.2            10.66666667    0.5            1              0.07333333333  0              0              0              0              0              0              0              0              0              
119      NO_ID      1.133333333    0.2066666667   1.2            10.66666667    0.18           1              0.07333333333  2.34518        2.60314        0.24375        3.33333        2.33545        0.31072        4.37184        2.07562        0.37258        
120      NO_ID      1.133333333    0.2066666667   0.4666666667   10.66666667    0.18           1              0.07333333333  4.35323        2.70853        0.45893        6.71965        2.49098        0.65676        9.60744        2.20066        0.86185        
121      NO_ID      0.8            0.1633333333   0.8333333333   15             0.34           10             0.1366666667   2.33801        1.44905        0.52587        3.51406        1.4236         0.64906        4.78668        1.39052        0.69555        
122      NO_ID      0.8            0.1633333333   0.1            15             0.34           10             0.1366666667   2.5487         1.44066        0.56886        3.80642        1.41722        0.69214        5.27903        1.36642        0.73292        
123      NO_ID      0.8            0.1633333333   0.1            15             0.02           10             0.1366666667   7.32601        7.42695        0.29623        12.97322       6.61158        0.4834         17.54386       5.45613        0.58985        
124      NO_ID      0.8            0.1633333333   0.1            15             0.02           10             0.01           9.95763        7.2497         0.38055        14.95177       6.22768        0.53484        19.22545       5.14537        0.60869        
125      NO_ID      0.8            0.25           0.1            15             0.02           10             0.01           4.16667        3.50988        0.35504        6.8082         3.28895        0.5119         9.09682        3.12847        0.56441        
126      NO_ID      0.8            0.25           0.1            6.333333333    0.02           10             0.01           3.87275        3.45401        0.33368        5.95238        3.23157        0.45796        7.40741        3.04845        0.46537        
127      NO_ID      0.8            0.25           0.1            6.333333333    0.02           4              0.01           4.01606        3.45166        0.34464        5.90717        3.2048         0.45907        7.93785        2.99432        0.49971        
128      NO_ID      1.466666667    0.25           0.1            6.333333333    0.02           4              0.01           6.28931        3.19097        0.56994        7.55124        2.97311        0.63198        9.13556        2.77101        0.62346        
129      NO_ID      1.8            0.2066666667   1.2            10.66666667    0.5            4              0.07333333333  2.58828        1.08222        0.66682        3.58423        0.97262        0.86378        4.79381        0.93847        0.94362        
130      NO_ID      1.8            0.2066666667   1.2            10.66666667    0.5            4              0.2            0              0              0              0              0              0              0              0              0              
131      NO_ID      1.8            0.2066666667   1.2            2              0.5            4              0.2            2.14187        2.19811        0.31583        3.663          2.0612         0.44457        5.21191        1.82556        0.54159        
132      NO_ID      1.8            0.12           1.2            2              0.5            4              0.2            4.57516        3.1856         0.40437        6.7243         2.84096        0.54595        8.93997        2.5997         0.60877        
133      NO_ID      1.133333333    0.12           1.2            2              0.5            4              0.2            4.14454        3.21018        0.37938        6.25559        2.88224        0.52583        8.27423        2.622          0.56853        
134      NO_ID      1.133333333    0.12           1.2            2              0.18           4              0.2            3.56595        8.2147         0.12726        5.28409        6.51107        0.19858        7.19055        5.25604        0.25944        
135      NO_ID      1.133333333    0.12           1.2            2              0.18           10             0.2            2.68662        8.49971        0.10207        4.7043         6.93731        0.18304        7.09924        4.86852        0.28972        
136      NO_ID      1.133333333    0.12           0.4666666667   2              0.18           10             0.2            7.2884         8.40152        0.27363        12.26913       6.85761        0.48427        17.47512       5.59546        0.59557        
137      NO_ID      1.466666667    0.25           0.1            6.333333333    0.02           4              0.1366666667   4.95736        3.29986        0.46036        6.95479        3.08169        0.60204        8.51648        2.69849        0.6552         
138      NO_ID      1.466666667    0.25           0.1            6.333333333    0.02           10             0.1366666667   4.20042        3.23869        0.4173         7.40741        2.96638        0.69349        8.28893        2.70643        0.66176        
139      NO_ID      0.8            0.25           0.1            6.333333333    0.02           10             0.1366666667   2.87497        3.45936        0.27368        5.19673        3.23971        0.45054        6.89316        3.11499        0.47875        
140      NO_ID      0.8            0.25           0.1            15             0.02           10             0.1366666667   3.27256        3.51487        0.29281        5.84063        3.34821        0.46236        8.71069        3.16889        0.57378        
141      NO_ID      0.8            0.25           0.1            15             0.34           10             0.1366666667   1.92599        1.10392        0.59611        2.99337        1.1456         0.70429        4.1116         1.11214        0.76104        
142      NO_ID      0.8            0.25           0.1            15             0.34           10             0.01           1.83294        1.21726        0.5049         2.82657        1.11499        0.69338        3.93812        1.06977        0.74933        
143      NO_ID      0.8            0.1633333333   0.1            15             0.34           10             0.01           2.51301        1.55303        0.48831        3.80022        1.40082        0.66261        5.15085        1.32856        0.73674        
144      NO_ID      0.8            0.1633333333   0.8333333333   15             0.34           10             0.01           2.31942        1.54336        0.46136        3.52201        1.41039        0.63729        4.86618        1.32757        0.69973        
145      NO_ID      1.8            0.2066666667   0.4666666667   10.66666667    0.34           7              0.2            0              0              0              0              0              0              9.22975        1.37993        1.42495        
146      NO_ID      1.8            0.12           0.4666666667   10.66666667    0.34           7              0.2            0              0              0              0              0              0              0              0              0              
147      NO_ID      1.8            0.12           0.4666666667   2              0.34           7              0.2            9.05588        5.1432         0.53306        14.862         4.69558        0.80237        20.16369       4.12063        0.89503        
148      NO_ID      1.8            0.12           1.2            2              0.34           7              0.2            3.81888        5.14733        0.22156        5.93723        4.44704        0.32605        8.62492        3.81073        0.41349        
149      NO_ID      1.8            0.12           1.2            2              0.34           1              0.2            0              0              0              0              0              0              0              0              0              
150      NO_ID      1.8            0.12           1.2            2              0.34           1              0.07333333333  0              0              0              0              0              0              0              0              0              
151      NO_ID      1.8            0.12           1.2            2              0.02           1              0.07333333333  1.95302        3.22299        0.12868        2.05038        0.65076        0.13314        2.67278        0.52232        0.08891        
152      NO_ID      1.133333333    0.12           1.2            2              0.02           1              0.07333333333  1.91156        3.22631        0.11884        1.97573        0.74126        0.10369        2.331          0.56986        0.06177        
153      NO_ID      1.466666667    0.1633333333   0.1            6.333333333    0.18           10             0.1366666667   12.47723       4.38692        0.81484        19.35262       4.03072        1.10343        26.51515       3.76412        1.26546        
154      NO_ID      1.466666667    0.25           0.1            6.333333333    0.18           10             0.1366666667   6.32969        2.73777        0.73099        10.25074       2.60486        1.02932        14.76793       2.44311        1.22673        
155      NO_ID      0.8            0.25           0.1            6.333333333    0.18           10             0.1366666667   3.79096        2.82004        0.44598        6.42265        2.70394        0.62802        9.12073        2.58139        0.70379        
156      NO_ID      0.8            0.25           0.1            6.333333333    0.5            10             0.1366666667   2.1899         1.19564        0.5762         3.24555        1.18483        0.6954         4.35323        1.15015        0.74042        
157      NO_ID      0.8            0.25           0.1            6.333333333    0.5            10             0.01           2.10875        1.27718        0.50515        3.1811         1.13821        0.69787        4.32499        1.09838        0.74817        
158      NO_ID      0.8            0.25           0.1            15             0.5            10             0.01           1.28381        0.8792         0.47384        2.00286        0.77948        0.69226        2.80449        0.7529         0.74392        
159      NO_ID      0.8            0.25           0.8333333333   15             0.5            10             0.01           1.26605        0.89712        0.46573        1.89625        0.78406        0.66195        2.66362        0.77316        0.72881        
160      NO_ID      0.8            0.25           0.8333333333   15             0.5            4              0.01           1.27609        0.89447        0.46563        1.93077        0.78917        0.6764         2.70688        0.76511        0.71652        
