%eval_id interface desired_speed  radius         time_gap       strength_neighbor range_neighbor flow_2.4       density_2.4    speed_2.4      flow_3.6       density_3.6    speed_3.6      flow_5.0       density_5.0    speed_5.0      
1        NO_ID      1.120781258    0.1856460151   0.5032592617   6.745030673    0.1975548723   5.07246        3.49639        0.41214        7.74105        3.06106        0.62714        11.31095       2.63756        0.81681        
2        NO_ID      1.241200894    0.2308850349   0.5466281686   8.938579377    0.2697737962   3.53803        2.00338        0.53059        5.36398        1.79022        0.74281        7.66284        1.60246        0.95396        
3        NO_ID      1.052750418    0.2463859429   0.3477224813   2.300547608    0.02861468704  2.99337        1.79258        0.44966        3.32858        0.89515        0.57306        3.68755        0.89017        0.3388         
4        NO_ID      1.337545811    0.2079560142   0.2296717364   5.374408757    0.143269136    6.92996        3.76169        0.53982        11.05845       3.25692        0.85093        16.48873       2.94453        1.17865        
5        NO_ID      0.8506117351   0.1777147975   0.6689867274   3.776772844    0.06244889438  4.53074        4.06038        0.31947        5.54895        3.03911        0.46333        6.28084        2.41407        0.41394        
6        NO_ID      0.8058933001   0.1420632773   0.5238548089   4.795350251    0.1949160466   6.44567        5.28793        0.34857        10.32448       4.51198        0.55433        14.38923       4.02698        0.6864         
7        NO_ID      0.9213580071   0.1342871542   0.7601866001   8.334971127    0.1084861238   5.13812        6.3653         0.22313        7.38397        5.22314        0.3148         10.23392       4.33104        0.40231        
8        NO_ID      1.218913664    0.2032442519   0.3212002572   9.67065625     0.09810863211  5.70497        3.79077        0.42486        8.85515        3.19501        0.67513        12.30366       2.8991         0.79734        
9        NO_ID      1.547557081    0.2384462372   0.9114783023   3.591460547    0.2546724012   2.70531        2.29205        0.34897        4.17786        1.89145        0.51024        5.3441         1.77893        0.5578         
10       NO_ID      0.8236355554   0.2298659609   0.5956560324   2.839488755    0.2917653399   2.96485        2.57664        0.3707         4.75221        2.31398        0.54658        6.82261        2.18952        0.642          
11       NO_ID      1.300686264    0.1505649503   0.99508115     9.357016738    0.03571760673  3.75436        5.39073        0.19043        4.38596        3.31053        0.28913        4.87421        2.22569        0.28228        
12       NO_ID      1.022059877    0.1594904468   0.8229346588   3.216665079    0.2771247843   4.53359        3.89418        0.34925        7.17234        3.34318        0.54332        9.908          2.91427        0.62078        
13       NO_ID      0.9561364265   0.1794500314   0.6948381697   3.832930484    0.1569778425   4.0864         4.29368        0.27521        6.64767        3.51047        0.44836        8.51515        3.06942        0.48718        
14       NO_ID      1.505992682    0.1248023034   0.8091955547   7.343128652    0.2133554359   5.96154        4.34013        0.36994        8.64198        3.74703        0.49018        11.24498       3.3817         0.54366        
15       NO_ID      1.413048372    0.1314551817   0.389974068    2.590867573    0.2305610594   10.29083       5.853          0.52718        16.84717       4.91328        0.83773        22.6248        4.26168        0.91863        
16       NO_ID      1.565659763    0.1704322656   0.577705727    6.329970141    0.1636097641   5.7971         4.16386        0.37997        8.28877        3.4939         0.51762        11.40994       2.99782        0.65857        
17       NO_ID      1.451035027    0.2127712454   0.2116177244   5.090277937    0.09341374132  7.45192        3.75829        0.57037        11.48148       3.22308        0.90582        15.92971       2.87228        1.10055        
18       NO_ID      1.234851324    0.2154077193   0.8871486296   2.116154965    0.1260400234   2.93501        2.95771        0.2862         4.01901        2.12189        0.45177        4.63883        1.65431        0.44832        
19       NO_ID      1.271408347    0.1942019327   0.1778471498   8.697738802    0.2957525117   5.62954        2.09989        0.77416        8.45455        1.91729        1.06841        11.39706       1.80711        1.14777        
20       NO_ID      1.580022478    0.2225100442   0.2498321214   5.783222017    0.1779887753   6.65716        3.10999        0.61719        10.19737       2.68795        0.95074        14.73118       2.47244        1.23939        
21       NO_ID      0.9757397092   0.2047676042   0.6361343348   7.616547098    0.02154134448  3.1811         2.80897        0.30812        3.37187        2.04023        0.37449        3.69928        1.50764        0.28397        
22       NO_ID      1.180825451    0.1644116841   0.741714289    4.953638088    0.0561139653   4.47427        4.76994        0.26551        5.62927        3.28335        0.40481        6.69536        2.42172        0.40639        
23       NO_ID      1.425454117    0.1743336209   0.8877406519   9.104879347    0.1527224206   3.73494        3.77365        0.26709        5.44535        3.16496        0.38036        7.00301        2.80773        0.42879        
24       NO_ID      1.01312667     0.1823236772   0.9408738254   4.559118929    0.2500973289   3.5035         3.4021         0.29545        5.05598        2.85154        0.41772        7.12821        2.52469        0.48348        
25       NO_ID      1.297280842    0.2494035888   0.5686593573   8.135097288    0.2629916048   3.28407        1.94947        0.49007        5.01443        1.70367        0.75223        7.21278        1.50683        0.97737        
26       NO_ID      1.06439002     0.2433816136   0.6487834261   9.991798142    0.2194870058   2.80978        2.07489        0.40414        4.39422        1.83158        0.58435        5.97364        1.66811        0.72381        
27       NO_ID      1.091512058    0.1209676086   0.1298729797   5.878617967    0.2798725897   9.54329        3.52624        0.66763        13.80671       3.19111        0.88958        18.39309       3.00383        0.97809        
28       NO_ID      0.8768846768   0.1473600743   0.2586263086   5.533430573    0.07917616224  9.29233        7.12765        0.37032        14.6813        5.69141        0.60366        19.04762       4.90563        0.66411        
29       NO_ID      1.491950265    0.1567144587   0.8632610128   6.862103968    0.1360152696   4.41501        4.79071        0.24808        6.00601        4.12803        0.32139        8.1728         3.29889        0.4474         
30       NO_ID      0.9882044651   0.1529676877   0.397294721    8.571704933    0.1811225145   6.83824        4.08617        0.47655        10.48689       3.66432        0.69835        14.35897       3.43394        0.77444        
31       NO_ID      1.462381269    0.1899156003   0.1179385239   3.045124597    0.1147829932   10.95462       4.87789        0.69095        18.44532       4.35039        1.08623        25.22282       3.66261        1.32991        
32       NO_ID      1.344310264    0.1656795344   0.7860896351   6.447276226    0.07586444116  4.18895        4.95548        0.22997        6.46353        3.62873        0.40604        7.39269        2.95748        0.44785        
33       NO_ID      0.8838304157   0.2261994777   0.2961724618   9.466259616    0.1729348492   4.23497        2.76388        0.46756        6.54511        2.54727        0.64226        9.37082        2.38226        0.76107        
34       NO_ID      1.361023873    0.2344750225   0.4180137775   7.878512044    0.05309188765  4.15927        2.91894        0.40357        6.5721         2.24884        0.71377        7.3545         2.11371        0.68017        
35       NO_ID      1.529670572    0.1973294816   0.4414929896   4.003139239    0.118743182    5.77558        3.71645        0.44646        8.62492        2.99632        0.71005        11.23188       2.72289        0.78038        
36       NO_ID      1.167156272    0.1364009859   0.477481928    7.454110665    0.04633005569  8.03213        6.66145        0.33502        10.39347       4.29127        0.54489        12.82051       2.32339        0.67286        
37       NO_ID      1.157198482    0.1438065409   0.1465295215   4.271225058    0.08475258632  14.71519       7.60478        0.56058        23.60406       6.3483         0.86787        30.41126       5.04378        1.01347        
38       NO_ID      1.112595152    0.2180166159   0.9680338917   2.611883968    0.2078300965   2.7116         2.85185        0.2706         4.06504        2.35546        0.41514        5.29701        2.19671        0.45632        
39       NO_ID      0.9177772966   0.1998459711   0.3417304773   7.182599835    0.2246068685   4.80604        2.99401        0.48135        7.54615        2.71516        0.68294        10.43544       2.52127        0.79498        
40       NO_ID      1.38975138     0.1283249039   0.7289260357   6.054762639    0.2402498933   6.3234         4.13324        0.40776        9.56284        3.52943        0.61508        12.23684       3.2724         0.61806        
41       NO_ID      1.501105943    0.1745010206   0.5705733921   8.632950348    0.238087017    5.18519        2.84604        0.51485        8.10265        2.44479        0.77353        10.98039       2.21202        0.94243        
42       NO_ID      0.9579625477   0.2446295884   0.8753796737   6.178400369    0.1640105903   2.25661        2.48541        0.25756        3.4041         2.07715        0.39373        5.1087         1.74577        0.5527         
43       NO_ID      1.2027044      0.2371493158   0.6586738057   7.313016217    0.1371846983   2.9819         2.64242        0.31969        4.52033        2.19664        0.49632        6.15317        1.91739        0.63561        
44       NO_ID      0.9218046684   0.2000016972   0.1325230852   5.503169344    0.2331381435   6.48148        3.2715         0.57746        9.68188        2.98654        0.76752        13.33333       2.82611        0.82012        
45       NO_ID      1.111145222    0.2193962942   0.1915052093   4.260447622    0.1445178321   6.08049        3.67721        0.49395        9.95717        3.28678        0.75472        14.54451       3.03019        0.96892        
46       NO_ID      0.999230537    0.1974798435   0.7324023938   9.328326371    0.06653781925  3.21133        3.8269         0.23331        5.18642        2.89171        0.43473        5.96154        2.82582        0.42977        
47       NO_ID      1.456339082    0.1227362606   0.6776440171   9.651211858    0.1247289418   6.65716        6.16224        0.2946         9.72222        5.09838        0.41184        12.51117       4.24608        0.50146        
48       NO_ID      0.8707949039   0.1346681327   0.6909897321   4.913243814    0.2642997594   5.66343        4.03463        0.3896         8.77525        3.55759        0.58582        11.34146       3.35115        0.57094        
49       NO_ID      0.8397362111   0.1558597925   0.9317819465   4.738663441    0.08976120779  3.78788        5.46765        0.19497        5.42005        4.21839        0.3064         6.59134        3.15686        0.36416        
50       NO_ID      0.899456135    0.1470768441   0.5235893136   8.134387586    0.1793395382   6.05275        4.40785        0.39255        9.1683         3.86835        0.57385        12.69406       3.43091        0.72895        
51       NO_ID      0.8056827687   0.1717589055   0.3282154571   2.94768565     0.2998322045   5.67766        3.95514        0.44796        8.92288        3.58676        0.64106        12.68116       3.35511        0.74213        
52       NO_ID      1.398031789    0.1260794217   0.4450602631   4.196409578    0.1873026437   9.98563        6.18817        0.44395        15.21739       5.22262        0.66736        20.39474       4.267          0.84479        
53       NO_ID      1.170585251    0.1857651122   0.6293405042   7.626787841    0.05506658036  4.37774        4.14363        0.29073        6.47249        3.0184         0.52308        7.55124        2.14257        0.57817        
54       NO_ID      0.9099461416   0.1271401332   0.3209033147   6.329971985    0.2555716118   7.72627        3.79162        0.54856        11.29944       3.4045         0.72565        15.4961        3.20238        0.81812        
55       NO_ID      0.856775601    0.1519776755   0.285526088    3.588570447    0.02359899672  6.28931        4.13887        0.37592        7.20165        1.9508         0.52688        7.80379        1.00495        0.26231        
56       NO_ID      1.49234792     0.1804098683   0.2799951261   7.99975229     0.205414509    7.75           3.28797        0.6775         11.99295       2.95797        0.97295        17.09091       2.68763        1.21389        
57       NO_ID      1.54859904     0.21542066     0.1598401346   3.764913343    0.2758504445   7.73908        2.99166        0.83091        12.4552        2.81884        1.15762        17.48428       2.61077        1.35948        
58       NO_ID      1.081827328    0.1412587638   0.9612516005   7.077269584    0.2794343691   4.30504        3.07077        0.39092        6.47764        2.70373        0.55534        8.15789        2.52095        0.57273        
59       NO_ID      1.584111341    0.1841157932   0.4172000783   6.552660183    0.1682268057   6.5086         3.85421        0.47636        10.02155       3.1563         0.77113        13.78968       2.83489        0.86934        
60       NO_ID      1.007628049    0.209021086    0.1173030283   7.452282447    0.1168611999   7.36067        4.02672        0.54113        11.17788       3.72045        0.74783        16.31702       3.5005         0.87015        
61       NO_ID      1.245536042    0.2323587255   0.718471471    6.735475331    0.1094241009   2.97619        2.74026        0.30187        4.54248        2.22226        0.47979        5.72597        2.05598        0.57291        
62       NO_ID      1.328626364    0.2141471255   0.8168245083   4.551441717    0.1018005875   3.0541         3.10731        0.27653        4.50016        2.4594         0.44016        5.34956        2.15484        0.48496        
63       NO_ID      1.430321465    0.1642409991   0.8500520952   5.332015086    0.2477731801   4.53074        3.54406        0.35482        6.53595        3.03347        0.48546        8.83838        2.6465         0.57081        
64       NO_ID      1.536823207    0.2304682048   0.4001944738   3.394051546    0.1498609043   4.89474        2.85076        0.49722        8.03109        2.3282         0.86092        10.21152       2.18886        0.92225        
65       NO_ID      1.305277884    0.1447479799   0.764289159    8.25288314     0.04522125094  5.11551        5.95977        0.23805        6.22222        4.33755        0.31735        7.40446        2.67233        0.41299        
66       NO_ID      0.9626088957   0.1887401672   0.6057097953   8.590120927    0.09534429583  3.99202        4.14057        0.26663        6.11183        3.30125        0.43813        8.15851        2.95251        0.5202         
67       NO_ID      1.05275345     0.1757422476   0.4652078052   8.865588781    0.2867398977   4.52635        2.33216        0.56652        6.92996        2.11442        0.79934        9.58248        2.01771        0.89214        
68       NO_ID      1.076622037    0.2492505312   0.502287917    2.41954017     0.2105101518   3.2543         2.41737        0.42224        5.16796        2.10533        0.65112        7.47863        1.92914        0.80096        
69       NO_ID      1.194368825    0.2343959134   0.3805696196   9.496046383    0.04851130371  4.16667        3.00624        0.39444        6.54097        2.45492        0.64822        7.57081        2.34735        0.64677        
70       NO_ID      1.47698873     0.207497749    0.1800160797   9.990663612    0.1996411358   7.33753        2.65306        0.82741        11.38211       2.41832        1.13055        15.87302       2.27179        1.29231        
71       NO_ID      1.239161696    0.1602103488   0.3573765581   5.742201262    0.1560141937   7.82998        5.00957        0.44797        12.5448        4.14257        0.75448        16.66667       3.71992        0.85519        
72       NO_ID      1.400038763    0.222043312    0.992354949    2.76444433     0.2190751194   2.64251        2.70111        0.2752         4.18927        2.04526        0.50884        5.50964        1.91585        0.54487        
73       NO_ID      1.364669721    0.1544412206   0.2296855164   5.111880109    0.08279461082  11.29944       6.29658        0.51359        16.9708        5.05974        0.79202        22.35577       4.0123         0.97025        
74       NO_ID      1.566205538    0.1679669425   0.8327393979   3.155731444    0.1257211539   4.14821        4.65392        0.24577        5.88734        3.63375        0.37818        7.3132         2.7415         0.48943        
75       NO_ID      1.342715031    0.1364528949   0.9462181865   3.879743329    0.1932353504   4.94875        5.5429         0.24674        6.8326         4.45671        0.33685        9.07912        4.0267         0.38134        
76       NO_ID      1.27518301     0.2018435077   0.7788190844   2.395406413    0.03751855919  2.85948        1.88785        0.37985        2.97051        1.06404        0.40001        3.22953        0.90681        0.22475        
77       NO_ID      1.280092031    0.1320056105   0.253556114    2.136744712    0.0743772566   12.5448        5.59556        0.62486        15.70295       3.27058        0.87686        20.36232       2.22866        0.84812        
78       NO_ID      1.158700334    0.2414500733   0.5742352104   6.963021922    0.2699654562   3.27735        2.14161        0.45091        5.01792        1.85918        0.67265        7.12836        1.67797        0.88551        
79       NO_ID      1.020044102    0.2272279314   0.8905409971   9.156639593    0.2248707213   2.56129        2.27784        0.32936        3.82514        1.93972        0.4708         5.6699         1.63651        0.66937        
80       NO_ID      1.122640715    0.1934605701   0.5444101135   5.844539846    0.0295398667   4.19287        3.2425         0.36158        4.68013        2.15277        0.47444        5.0036         1.67514        0.34771        
81       NO_ID      1.120781258    0.1745010206   0.5705733921   8.632950348    0.238087017    4.77891        2.86406        0.47492        7.40741        2.53028        0.69908        10.34738       2.30997        0.87704        
82       NO_ID      1.241200894    0.2446295884   0.8753796737   6.178400369    0.1640105903   2.3761         2.44747        0.2721         3.72454        1.93818        0.45188        4.86327        1.74218        0.53343        
83       NO_ID      1.052750418    0.2371493158   0.6586738057   7.313016217    0.1371846983   2.89316        2.71918        0.30392        4.43178        2.2357         0.47091        6.41026        1.92068        0.64098        
84       NO_ID      1.337545811    0.2000016972   0.1325230852   5.503169344    0.2331381435   8.42359        3.26158        0.76284        13.03538       2.94469        1.04372        18.44532       2.76434        1.1857         
85       NO_ID      0.8506117351   0.2193962942   0.1915052093   4.260447622    0.1445178321   5.10018        3.64434        0.45729        8.24468        3.43015        0.62052        11.60862       3.25948        0.7218         
86       NO_ID      0.8058933001   0.1974798435   0.7324023938   9.328326371    0.06653781925  3.04812        3.93405        0.21633        4.86111        3.00821        0.38786        6.01552        2.62251        0.45554        
87       NO_ID      0.9213580071   0.1227362606   0.6776440171   9.651211858    0.1247289418   6.16469        6.26696        0.27221        8.78845        5.41924        0.35797        12.24847       4.74149        0.42268        
88       NO_ID      1.218913664    0.1346681327   0.6909897321   4.913243814    0.2642997594   6.23598        4.0097         0.42385        9.46586        3.50347        0.63549        12.35708       3.21241        0.63811        
89       NO_ID      1.547557081    0.1558597925   0.9317819465   4.738663441    0.08976120779  4.20407        5.21525        0.21991        5.88483        3.90226        0.34919        6.62393        3.03038        0.37744        
90       NO_ID      0.8236355554   0.1470768441   0.5235893136   8.134387586    0.1793395382   5.75421        4.39919        0.37449        8.78845        3.93696        0.53028        12.30159       3.49463        0.67623        
91       NO_ID      1.300686264    0.1717589055   0.3282154571   2.94768565     0.2998322045   6.92384        3.98942        0.56513        12.2807        3.44629        0.91112        16.9708        3.07208        1.09235        
92       NO_ID      1.022059877    0.1260794217   0.4450602631   4.196409578    0.1873026437   9.06433        6.31636        0.4071         14.58982       5.26176        0.65029        19.2623        4.52988        0.75085        
93       NO_ID      0.9561364265   0.1857651122   0.6293405042   7.626787841    0.05506658036  3.95816        4.32688        0.25893        6.16469        3.15845        0.48004        7.00958        2.89626        0.44672        
94       NO_ID      1.505992682    0.1271401332   0.3209033147   6.329971985    0.2555716118   10.70336       3.75           0.76912        15.97938       3.35127        1.08519        21.52778       3.13035        1.23637        
95       NO_ID      1.413048372    0.1519776755   0.285526088    3.588570447    0.02359899672  7.18702        3.46423        0.50368        7.41918        1.81973        0.57438        8.21513        0.94343        0.28242        
96       NO_ID      1.565659763    0.1804098683   0.2799951261   7.99975229     0.205414509    8.10105        3.25621        0.70499        12.33244       2.89725        1.03379        17.54057       2.72854        1.23316        
97       NO_ID      1.451035027    0.21542066     0.1598401346   3.764913343    0.2758504445   7.58073        2.97658        0.81848        12.2549        2.8019         1.12329        16.78744       2.63473        1.29913        
98       NO_ID      1.234851324    0.1412587638   0.9612516005   7.077269584    0.2794343691   4.38185        3.01863        0.39951        6.44719        2.68664        0.54128        8.50091        2.45242        0.59907        
99       NO_ID      1.271408347    0.1841157932   0.4172000783   6.552660183    0.1682268057   5.98456        3.85443        0.44658        9.2556         3.24528        0.70004        12.764         2.90031        0.85786        
100      NO_ID      1.580022478    0.209021086    0.1173030283   7.452282447    0.1168611999   9.68661        3.9419         0.70667        15.70621       3.50929        1.09685        22.2488        3.20663        1.33499        
101      NO_ID      0.9757397092   0.2323587255   0.718471471    6.735475331    0.1094241009   2.72887        2.80436        0.275          4.39264        2.22654        0.48534        5.27715        2.15931        0.48129        
102      NO_ID      1.180825451    0.2141471255   0.8168245083   4.551441717    0.1018005875   2.95921        3.13122        0.26856        4.72362        2.42093        0.47134        5.41377        2.24942        0.47127        
103      NO_ID      1.425454117    0.1642409991   0.8500520952   5.332015086    0.2477731801   4.42015        3.49749        0.35175        6.64286        2.98247        0.50552        8.70647        2.66228        0.59179        
104      NO_ID      1.01312667     0.2304682048   0.4001944738   3.394051546    0.1498609043   4.04391        3.05349        0.39746        6.52174        2.60279        0.64872        9.1683         2.34699        0.79489        
105      NO_ID      1.297280842    0.1447479799   0.764289159    8.25288314     0.04522125094  5.29101        5.83279        0.25167        6.58204        3.5664         0.40423        7.55846        2.8458         0.40892        
106      NO_ID      1.06439002     0.1887401672   0.6057097953   8.590120927    0.09534429583  4.27742        3.97043        0.29682        6.05275        3.3112         0.42888        8.23009        3.01962        0.49349        
107      NO_ID      1.091512058    0.1757422476   0.4652078052   8.865588781    0.2867398977   4.7043         2.34391        0.57995        7.06301        2.10073        0.80662        9.7629         1.9956         0.94683        
108      NO_ID      0.8768846768   0.2492505312   0.502287917    2.41954017     0.2105101518   2.96485        2.48027        0.36956        4.62504        2.19342        0.55813        6.81265        2.08949        0.67473        
109      NO_ID      1.491950265    0.2343959134   0.3805696196   9.496046383    0.04851130371  4.47857        2.94669        0.42806        7.01098        2.35132        0.72243        7.70937        2.38906        0.66166        
110      NO_ID      0.9882044651   0.207497749    0.1800160797   9.990663612    0.1996411358   5.43901        2.70518        0.61055        8.13008        2.4795         0.81659        11.3711        2.33064        0.91068        
111      NO_ID      1.462381269    0.1602103488   0.3573765581   5.742201262    0.1560141937   8.47095        4.92085        0.48341        13.12849       4.0569         0.76395        17.68061       3.59375        0.86956        
112      NO_ID      1.344310264    0.222043312    0.992354949    2.76444433     0.2190751194   2.6975         2.69673        0.2874         4.07213        2.22335        0.42332        5.31956        1.98497        0.49511        
113      NO_ID      0.8838304157   0.1544412206   0.2296855164   5.111880109    0.08279461082  9.37082        6.63005        0.40956        14.49275       5.67227        0.62168        19.77401       4.95781        0.70822        
114      NO_ID      1.361023873    0.1679669425   0.8327393979   3.155731444    0.1257211539   4.05093        4.70202        0.23925        6.22192        3.60363        0.4092         7.40149        2.91126        0.45476        
115      NO_ID      1.529670572    0.1364528949   0.9462181865   3.879743329    0.1932353504   4.99643        5.5191         0.24339        6.95889        4.52628        0.33379        9.35204        3.88071        0.39942        
116      NO_ID      1.167156272    0.2018435077   0.7788190844   2.395406413    0.03751855919  2.69438        1.96233        0.33949        3.1489         1.03844        0.44435        3.14254        1.08645        0.20352        
117      NO_ID      1.157198482    0.1320056105   0.253556114    2.136744712    0.0743772566   12.05857       6.1805         0.53444        15.44444       3.76009        0.79727        19.15629       2.50517        0.78027        
118      NO_ID      1.112595152    0.2414500733   0.5742352104   6.963021922    0.2699654562   3.12779        2.12683        0.43657        4.88656        1.87612        0.65091        7.00701        1.68077        0.89208        
119      NO_ID      0.9177772966   0.2272279314   0.8905409971   9.156639593    0.2248707213   2.48453        2.28251        0.31635        3.70223        1.92522        0.49145        5.40749        1.74107        0.62039        
120      NO_ID      1.38975138     0.1934605701   0.5444101135   5.844539846    0.0295398667   4.50145        3.12016        0.40594        4.63056        2.03496        0.49606        5.11551        1.64148        0.36677        
121      NO_ID      1.501105943    0.1856460151   0.5705733921   8.632950348    0.238087017    4.90506        2.69871        0.51902        7.52165        2.34458        0.77984        10.47297       2.13563        0.90946        
122      NO_ID      0.9579625477   0.2308850349   0.8753796737   6.178400369    0.1640105903   2.49421        2.72369        0.25686        3.97436        2.15902        0.42559        5.12821        2.03015        0.45273        
123      NO_ID      1.2027044      0.2463859429   0.6586738057   7.313016217    0.1371846983   2.76789        2.52286        0.30919        4.29316        2.05718        0.49723        5.68366        1.84069        0.58658        
124      NO_ID      0.9218046684   0.2079560142   0.1325230852   5.503169344    0.2331381435   5.87002        3.16807        0.56626        9.25926        2.89781        0.76204        12.71571       2.71836        0.83658        
125      NO_ID      1.111145222    0.1777147975   0.1915052093   4.260447622    0.1445178321   8.95713        5.00821        0.53679        14.17683       4.47568        0.77743        20.45124       4.0264         0.99462        
126      NO_ID      0.999230537    0.1420632773   0.7324023938   9.328326371    0.06653781925  5.19095        6.26349        0.22303        6.99005        4.93719        0.32061        9.04393        3.8626         0.40938        
127      NO_ID      1.456339082    0.1342871542   0.6776440171   9.651211858    0.1247289418   6.13228        5.67562        0.28965        8.6741         4.72005        0.40179        11.60862       3.93699        0.50336        
128      NO_ID      0.8707949039   0.2032442519   0.6909897321   4.913243814    0.2642997594   3.37936        2.90357        0.3456         5.41377        2.5209         0.53724        7.70077        2.27524        0.66854        
129      NO_ID      0.8397362111   0.2384462372   0.9317819465   4.738663441    0.08976120779  2.13793        2.65904        0.2301         3.17134        2.14408        0.36279        4.51152        1.61583        0.56557        
130      NO_ID      0.899456135    0.2298659609   0.5235893136   8.134387586    0.1793395382   3.31204        2.71606        0.35861        5.01792        2.39067        0.51467        7.22394        2.11526        0.70773        
131      NO_ID      0.8056827687   0.1505649503   0.3282154571   2.94768565     0.2998322045   6.49954        4.37835        0.44307        10.41667       3.88443        0.63995        14.862         3.63152        0.74183        
132      NO_ID      1.398031789    0.1594904468   0.4450602631   4.196409578    0.1873026437   7.52427        4.81854        0.452          11.78451       3.94386        0.72013        15.75964       3.46065        0.83796        
133      NO_ID      1.170585251    0.1794500314   0.6293405042   7.626787841    0.05506658036  4.47857        4.42422        0.28064        6.40146        3.25685        0.46393        7.25765        2.60315        0.46921        
134      NO_ID      0.9099461416   0.1248023034   0.3209033147   6.329971985    0.2555716118   7.82828        3.77101        0.55067        11.55116       3.42769        0.73676        15.65315       3.22391        0.80108        
135      NO_ID      0.856775601    0.1314551817   0.285526088    3.588570447    0.02359899672  7.51739        4.57818        0.38433        8.07382        1.86343        0.54071        9.0998         1.07387        0.2013         
136      NO_ID      1.49234792     0.1704322656   0.2799951261   7.99975229     0.205414509    8.64544        3.43892        0.7137         12.77778       3.07182        0.99334        18.44532       2.83746        1.19447        
137      NO_ID      1.54859904     0.2127712454   0.1598401346   3.764913343    0.2758504445   7.97842        3.06031        0.83542        12.48877       2.82834        1.18206        17.80735       2.6319         1.35337        
138      NO_ID      1.081827328    0.2154077193   0.9612516005   7.077269584    0.2794343691   2.72745        2.25905        0.34527        4.0404         1.93432        0.50675        5.55556        1.80889        0.54194        
139      NO_ID      1.584111341    0.1942019327   0.4172000783   6.552660183    0.1682268057   6.17284        3.52401        0.49223        9.15033        2.98504        0.71458        13.18267       2.59457        0.9699         
140      NO_ID      1.007628049    0.2225100442   0.1173030283   7.452282447    0.1168611999   6.43887        3.68782        0.5291         10.32448       3.38143        0.75483        14.70276       3.17744        0.87874        
141      NO_ID      1.245536042    0.2047676042   0.718471471    6.735475331    0.1094241009   3.57052        3.42576        0.28517        5.12821        2.78932        0.43717        6.42265        2.53522        0.49184        
142      NO_ID      1.328626364    0.1644116841   0.8168245083   4.551441717    0.1018005875   4.51456        4.74609        0.25924        5.95391        3.90254        0.35627        7.27848        3.21965        0.43347        
143      NO_ID      1.430321465    0.1743336209   0.8500520952   5.332015086    0.2477731801   4.05093        3.36451        0.34106        6.28931        2.84537        0.49209        8.30357        2.5974         0.5804         
144      NO_ID      1.536823207    0.1823236772   0.4001944738   3.394051546    0.1498609043   7.45192        4.176          0.51242        10.6198        3.48214        0.71486        14.7619        2.90461        0.90572        
145      NO_ID      1.305277884    0.2494035888   0.764289159    8.25288314     0.04522125094  2.57969        2.33899        0.31464        4.07925        1.62196        0.60863        3.9737         1.73231        0.45672        
146      NO_ID      0.9626088957   0.2433816136   0.6057097953   8.590120927    0.09534429583  2.66553        2.72601        0.27549        4.33302        2.22154        0.47402        5.74784        1.98964        0.58611        
147      NO_ID      1.05275345     0.1209676086   0.4652078052   8.865588781    0.2867398977   6.20828        2.82524        0.60273        9.18301        2.58003        0.80139        12.55585       2.40403        0.91165        
148      NO_ID      1.076622037    0.1473600743   0.502287917    2.41954017     0.2105101518   6.70498        5.62692        0.36843        11.11111       4.28485        0.66544        16.31579       3.80307        0.79094        
149      NO_ID      1.194368825    0.1567144587   0.3805696196   9.496046383    0.04851130371  7.55124        5.97479        0.34559        11.05845       4.31527        0.58703        13.28571       3.12729        0.68373        
150      NO_ID      1.47698873     0.1529676877   0.1800160797   9.990663612    0.1996411358   10.55807       3.39447        0.86794        15.8046        3.1026         1.1534         21.30898       2.88718        1.28969        
151      NO_ID      1.239161696    0.1899156003   0.3573765581   5.742201262    0.1560141937   6.28931        3.99827        0.44032        10.07919       3.38093        0.74429        14.40329       2.91593        0.99743        
152      NO_ID      1.400038763    0.1656795344   0.992354949    2.76444433     0.2190751194   3.69491        4.3524         0.23502        5.49666        3.53908        0.35652        7.58808        3.08384        0.46177        
153      NO_ID      1.364669721    0.2261994777   0.2296855164   5.111880109    0.08279461082  6.24721        3.38761        0.53209        10.03623       2.87845        0.86502        12.88089       2.64059        0.96222        
154      NO_ID      1.566205538    0.2344750225   0.8327393979   3.155731444    0.1257211539   2.76298        2.53793        0.3184         4.72587        1.78931        0.61526        5.12821        1.76141        0.55246        
155      NO_ID      1.342715031    0.1973294816   0.9462181865   3.879743329    0.1932353504   3.19416        3.33924        0.2671         4.83871        2.66465        0.4223         6.44567        2.42709        0.49354        
156      NO_ID      1.27518301     0.1364009859   0.7788190844   2.395406413    0.03751855919  4.1816         2.97369        0.31606        4.10777        1.38822        0.36702        4.43484        0.92045        0.14176        
157      NO_ID      1.280092031    0.1438065409   0.253556114    2.136744712    0.0743772566   11.65008       5.38594        0.62236        14.29309       3.1509         0.84036        17.95866       2.26696        0.7858         
158      NO_ID      1.158700334    0.2180166159   0.5742352104   6.963021922    0.2699654562   3.78231        2.33905        0.47454        5.69959        2.04928        0.69933        8.37822        1.84748        0.91223        
159      NO_ID      1.020044102    0.1998459711   0.8905409971   9.156639593    0.2248707213   3.003          2.56121        0.3316         4.59318        2.22854        0.49794        6.15894        2.05617        0.53485        
160      NO_ID      1.122640715    0.1283249039   0.5444101135   5.844539846    0.0295398667   6.68577        5.02631        0.35181        6.9965         2.46124        0.46435        8.5003         1.50519        0.32035        
161      NO_ID      1.501105943    0.1745010206   0.5032592617   8.632950348    0.238087017    5.83333        2.82928        0.58315        8.80503        2.47478        0.84049        12.43386       2.20175        1.06785        
162      NO_ID      0.9579625477   0.2446295884   0.5466281686   6.178400369    0.1640105903   2.96862        2.62908        0.3238         4.7449         2.19765        0.53843        6.67145        1.97375        0.712          
163      NO_ID      1.2027044      0.2371493158   0.3477224813   7.313016217    0.1371846983   4.39422        2.83598        0.44706        6.93413        2.4894         0.69408        9.58763        2.24721        0.85785        
164      NO_ID      0.9218046684   0.2000016972   0.2296717364   5.503169344    0.2331381435   5.51615        3.32687        0.51091        8.66044        3.01806        0.70598        12.34568       2.82557        0.82067        
165      NO_ID      1.111145222    0.2193962942   0.6689867274   4.260447622    0.1445178321   3.35992        3.02329        0.32194        5.48374        2.47485        0.5386         6.64781        2.35169        0.56241        
166      NO_ID      0.999230537    0.1974798435   0.5238548089   9.328326371    0.06653781925  4.07569        3.96862        0.28418        6.5086         3.13594        0.49551        7.68164        3.04076        0.50767        
167      NO_ID      1.456339082    0.1227362606   0.7601866001   9.651211858    0.1247289418   6.19743        6.1349         0.26978        8.65681        5.07413        0.37225        11.36919       4.32753        0.44221        
168      NO_ID      0.8707949039   0.1346681327   0.3212002572   4.913243814    0.2642997594   7.78711        4.01336        0.52294        11.49425       3.63724        0.69148        15.65315       3.43434        0.77381        
169      NO_ID      0.8397362111   0.1558597925   0.9114783023   4.738663441    0.08976120779  3.78973        5.45763        0.19463        5.37634        4.10098        0.30623        6.62393        3.19041        0.36101        
170      NO_ID      0.899456135    0.1470768441   0.5956560324   8.134387586    0.1793395382   5.52257        4.36854        0.36246        8.59423        3.79103        0.53052        11.17788       3.40913        0.59659        
171      NO_ID      0.8056827687   0.1717589055   0.99508115     2.94768565     0.2998322045   3.49563        3.6559         0.27885        5.25526        3.12128        0.4009         7.58808        2.73046        0.52639        
172      NO_ID      1.398031789    0.1260794217   0.8229346588   4.196409578    0.1873026437   5.99829        6.04965        0.27026        8.54779        4.92955        0.3831         11.19105       4.27418        0.4321         
173      NO_ID      1.170585251    0.1857651122   0.6948381697   7.626787841    0.05506658036  4.02946        4.08921        0.27169        5.81154        3.10568        0.44223        6.58204        2.53597        0.44359        
174      NO_ID      0.9099461416   0.1271401332   0.8091955547   6.329971985    0.2555716118   5.27307        3.80845        0.37799        7.71554        3.38405        0.53618        10.71429       3.14901        0.6117         
175      NO_ID      0.856775601    0.1519776755   0.389974068    3.588570447    0.02359899672  4.954          3.53261        0.33366        5.43267        1.63933        0.44702        6.56353        0.9844         0.23564        
176      NO_ID      1.49234792     0.1804098683   0.577705727    7.99975229     0.205414509    5.24831        3.21851        0.45392        7.78146        2.78985        0.65234        11.28514       2.41629        0.82194        
177      NO_ID      1.54859904     0.21542066     0.2116177244   3.764913343    0.2758504445   6.57143        3.1022         0.69652        11.38411       2.71008        1.12195        16.54804       2.57915        1.27919        
178      NO_ID      1.081827328    0.1412587638   0.8871486296   7.077269584    0.2794343691   4.52635        3.03727        0.41548        6.59574        2.68919        0.58686        9.06149        2.4249         0.68656        
179      NO_ID      1.584111341    0.1841157932   0.1778471498   6.552660183    0.1682268057   10.19737       4.03485        0.71791        16.0323        3.5548         1.08576        22.35772       3.32091        1.26261        
180      NO_ID      1.007628049    0.209021086    0.2498321214   7.452282447    0.1168611999   5.67073        3.85636        0.4282         8.80862        3.38405        0.64605        12.85583       3.05141        0.83731        
181      NO_ID      1.245536042    0.2323587255   0.6361343348   6.735475331    0.1094241009   3.14465        2.8082         0.31131        5.03247        2.22432        0.54592        6.68591        2.02089        0.63998        
182      NO_ID      1.328626364    0.2141471255   0.741714289    4.551441717    0.1018005875   3.18327        3.19262        0.28266        4.84597        2.44498        0.48622        5.82912        2.31805        0.50533        
183      NO_ID      1.430321465    0.1642409991   0.8877406519   5.332015086    0.2477731801   4.329          3.59079        0.33721        6.2724         2.99329        0.47356        8.39394        2.64584        0.54786        
184      NO_ID      1.536823207    0.2304682048   0.9408738254   3.394051546    0.1498609043   2.73081        2.57982        0.29332        3.93812        2.08353        0.4432         4.81596        1.94091        0.49416        
185      NO_ID      1.305277884    0.1447479799   0.5686593573   8.25288314     0.04522125094  6.63822        6.15564        0.29369        8.42359        4.20109        0.46215        9.64187        2.67047        0.51232        
186      NO_ID      0.9626088957   0.1887401672   0.6487834261   8.590120927    0.09534429583  3.79096        4.08656        0.25462        5.69106        3.30499        0.41318        8.23045        2.8059         0.53916        
187      NO_ID      1.05275345     0.1757422476   0.1298729797   8.865588781    0.2867398977   5.35168        2.31611        0.65236        7.79257        2.10252        0.87632        10.63022       1.99432        0.96685        
188      NO_ID      1.076622037    0.2492505312   0.2586263086   2.41954017     0.2105101518   4.2156         2.62523        0.52277        6.35786        2.16934        0.92934        9.71646        2.30516        0.90624        
189      NO_ID      1.194368825    0.2343959134   0.8632610128   9.496046383    0.04851130371  2.3761         2.66667        0.25207        4.14446        1.74309        0.56726        3.86111        1.98882        0.39872        
190      NO_ID      1.47698873     0.207497749    0.397294721    9.990663612    0.1996411358   5.24345        2.63869        0.5887         7.93785        2.33956        0.81005        11.13801       2.08937        1.06358        
191      NO_ID      1.239161696    0.1602103488   0.1179385239   5.742201262    0.1560141937   12.71571       5.26106        0.68362        19.60784       4.69366        0.94132        27.09552       4.31582        1.05763        
192      NO_ID      1.400038763    0.222043312    0.7860896351   2.76444433     0.2190751194   3.1811         2.78598        0.32388        5.20833        2.22786        0.55354        6.34921        2.16008        0.55911        
193      NO_ID      1.364669721    0.1544412206   0.2961724618   5.111880109    0.08279461082  9.92908        6.07598        0.45563        14.90385       4.84824        0.72749        19.14601       3.71693        0.90626        
194      NO_ID      1.566205538    0.1679669425   0.4180137775   3.155731444    0.1257211539   7.66063        4.85902        0.45044        10.80247       3.87702        0.69366        13.71681       3.19958        0.78208        
195      NO_ID      1.342715031    0.1364528949   0.4414929896   3.879743329    0.1932353504   9.10282        5.7381         0.45451        14.44788       4.7134         0.73644        20.21739       3.97109        0.93969        
196      NO_ID      1.27518301     0.2018435077   0.477481928    2.395406413    0.03751855919  3.9852         2.15459        0.46598        4.126          1.39042        0.50039        4.93827        1.05652        0.33973        
197      NO_ID      1.280092031    0.1320056105   0.1465295215   2.136744712    0.0743772566   17.54717       6.92736        0.72419        23.33333       3.97033        1.10273        29.53586       2.8695         1.10483        
198      NO_ID      1.158700334    0.2414500733   0.9680338917   6.963021922    0.2699654562   2.41171        2.06344        0.33785        3.61868        1.74031        0.49542        4.84597        1.57602        0.55551        
199      NO_ID      1.020044102    0.2272279314   0.3417304773   9.156639593    0.2248707213   4.12614        2.32316        0.54747        6.28084        2.14646        0.74389        8.85714        2.02947        0.88282        
200      NO_ID      1.122640715    0.1934605701   0.7289260357   5.844539846    0.0295398667   3.39912        3.06024        0.30802        3.81773        1.89075        0.41491        4.34109        1.44152        0.30328        
201      NO_ID      1.501105943    0.1745010206   0.5705733921   6.745030673    0.238087017    5.57547        3.18083        0.4975         8.58209        2.76337        0.72869        12.3227        2.39106        0.97642        
202      NO_ID      0.9579625477   0.2446295884   0.8753796737   8.938579377    0.1640105903   2.2577         2.39517        0.26704        3.43137        1.9862         0.41267        4.53216        1.86865        0.43253        
203      NO_ID      1.2027044      0.2371493158   0.6586738057   2.300547608    0.1371846983   3.17299        2.59612        0.36018        5.11405        1.85482        0.70294        5.62298        1.76104        0.58997        
204      NO_ID      0.9218046684   0.2000016972   0.1325230852   5.374408757    0.2331381435   6.35786        3.30734        0.57317        9.70201        3.00608        0.75602        13.49664       2.86176        0.83443        
205      NO_ID      1.111145222    0.2193962942   0.1915052093   3.776772844    0.1445178321   6.2978         3.68574        0.50584        10             3.27636        0.80604        14.49275       3.0429         0.95622        
206      NO_ID      0.999230537    0.1974798435   0.7324023938   4.795350251    0.06653781925  3.42382        3.70575        0.25988        5.50964        2.40377        0.57277        5.78273        2.40917        0.43043        
207      NO_ID      1.456339082    0.1227362606   0.6776440171   8.334971127    0.1247289418   6.95479        6.43495        0.29448        9.70201        5.3112         0.40291        12.73973       4.33646        0.51533        
208      NO_ID      0.8707949039   0.1346681327   0.6909897321   9.67065625     0.2642997594   4.57068        2.87549        0.45328        6.76329        2.59898        0.61087        9.29615        2.46059        0.70384        
209      NO_ID      0.8397362111   0.1558597925   0.9317819465   3.591460547    0.08976120779  3.81264        5.49315        0.1966         5.60224        3.81017        0.37186        6.91118        3.05387        0.4081         
210      NO_ID      0.899456135    0.1470768441   0.5235893136   2.839488755    0.1793395382   6.71463        5.95597        0.32522        10.83916       4.74086        0.54665        13.78109       4.1842         0.60774        
211      NO_ID      0.8056827687   0.1717589055   0.3282154571   9.357016738    0.2998322045   3.76041        2.20439        0.49993        5.65657        2.01682        0.67976        7.84314        1.88848        0.73713        
212      NO_ID      1.398031789    0.1260794217   0.4450602631   3.216665079    0.1873026437   10.32448       6.62804        0.44417        14.81481       5.60748        0.60893        20.87087       4.54837        0.7834         
213      NO_ID      1.170585251    0.1857651122   0.6293405042   3.832930484    0.05506658036  4.34044        3.75281        0.33036        5.48996        2.24372        0.53489        5.98127        1.89846        0.43781        
214      NO_ID      0.9099461416   0.1271401332   0.3209033147   7.343128652    0.2555716118   7.24638        3.48533        0.55617        10.55807       3.14495        0.74204        14.30041       2.96099        0.82244        
215      NO_ID      0.856775601    0.1519776755   0.285526088    2.590867573    0.02359899672  5.19095        3.36052        0.35788        5.85529        1.50644        0.43441        6.59134        0.80042        0.18883        
216      NO_ID      1.49234792     0.1804098683   0.2799951261   6.329970141    0.205414509    8.11594        3.66815        0.63673        12.71809       3.19466        0.96382        18.07692       2.91256        1.19979        
217      NO_ID      1.54859904     0.21542066     0.1598401346   5.090277937    0.2758504445   7.73511        2.71994        0.85702        11.84996       2.48861        1.16141        16.66667       2.33935        1.37919        
218      NO_ID      1.081827328    0.1412587638   0.9612516005   2.116154965    0.2794343691   4.41084        5.06812        0.27093        7.07071        4.10471        0.40526        9.70772        3.39583        0.51164        
219      NO_ID      1.584111341    0.1841157932   0.4172000783   8.697738802    0.1682268057   6.26398        3.54199        0.4943         9.41296        3.02128        0.72138        13.0719        2.71947        0.86969        
220      NO_ID      1.007628049    0.209021086    0.1173030283   5.783222017    0.1168611999   7.32916        4.23326        0.51009        11.52263       3.89426        0.73124        16.3722        3.62299        0.87127        
221      NO_ID      1.245536042    0.2323587255   0.718471471    7.616547098    0.1094241009   3.0521         2.69024        0.31376        4.58415        2.14391        0.49913        5.69206        1.9989         0.56422        
222      NO_ID      1.328626364    0.2141471255   0.8168245083   4.953638088    0.1018005875   3.04216        3.09423        0.27273        4.75705        2.2927         0.4982         5.85129        2.02373        0.54718        
223      NO_ID      1.430321465    0.1642409991   0.8500520952   9.104879347    0.2477731801   4.21941        2.7831         0.41656        6.16711        2.42006        0.58018        8.10023        2.20487        0.64896        
224      NO_ID      1.536823207    0.2304682048   0.4001944738   4.559118929    0.1498609043   4.92264        2.87822        0.49077        7.67327        2.37085        0.80828        10.42129       2.1393         0.96696        
225      NO_ID      1.305277884    0.1447479799   0.764289159    8.135097288    0.04522125094  5.19673        5.77288        0.24526        6.68577        3.65829        0.39919        7.46388        2.79819        0.39545        
226      NO_ID      0.9626088957   0.1887401672   0.6057097953   9.991798142    0.09534429583  4.03691        4.00929        0.27653        5.84795        3.42929        0.40153        8.03213        2.97803        0.49999        
227      NO_ID      1.05275345     0.1757422476   0.4652078052   5.878617967    0.2867398977   5.31429        2.88487        0.52691        7.97721        2.59355        0.73852        11.19105       2.43079        0.89417        
228      NO_ID      1.076622037    0.2492505312   0.502287917    5.533430573    0.2105101518   3.21879        2.47167        0.37847        5.16224        2.04874        0.63616        7.36067        1.86305        0.85339        
229      NO_ID      1.194368825    0.2343959134   0.3805696196   6.862103968    0.04851130371  4.16295        2.99306        0.39543        5.82077        2.57125        0.56612        7.36619        1.95833        0.69372        
230      NO_ID      1.47698873     0.207497749    0.1800160797   8.571704933    0.1996411358   7.66888        2.86307        0.79488        11.66667       2.59396        1.09606        16.31455       2.45551        1.23378        
231      NO_ID      1.239161696    0.1602103488   0.3573765581   3.045124597    0.1560141937   8.61009        5.37391        0.46446        12.85583       4.41179        0.72516        17.76062       3.83379        0.85816        
232      NO_ID      1.400038763    0.222043312    0.992354949    6.447276226    0.2190751194   2.7532         2.54317        0.30098        4.01952        2.08062        0.43623        5.33333        1.94696        0.48979        
233      NO_ID      1.364669721    0.1544412206   0.2296855164   9.466259616    0.08279461082  10.65449       5.99211        0.49387        16.48999       5.01383        0.75938        22.65372       4.36853        0.9403         
234      NO_ID      1.566205538    0.1679669425   0.8327393979   7.878512044    0.1257211539   4.1116         4.45674        0.25127        5.80431        3.6382         0.35603        7.88136        3.0203         0.48447        
235      NO_ID      1.342715031    0.1364528949   0.9462181865   4.003139239    0.1932353504   4.97512        5.57223        0.24407        7.25765        4.32287        0.38089        9.42761        3.88393        0.40991        
236      NO_ID      1.27518301     0.2018435077   0.7788190844   7.454110665    0.03751855919  3.39147        3.27744        0.28938        3.92736        2.47498        0.37769        4.34647        2.19507        0.35674        
237      NO_ID      1.280092031    0.1320056105   0.253556114    4.271225058    0.0743772566   12.68116       7.87602        0.45447        19.71631       5.37833        0.83278        24.60317       4.00658        0.91054        
238      NO_ID      1.158700334    0.2414500733   0.5742352104   2.611883968    0.2699654562   3.24299        2.49479        0.38863        5.34555        2.02456        0.69751        7.61283        1.9288         0.7417         
239      NO_ID      1.020044102    0.2272279314   0.8905409971   7.182599835    0.2248707213   2.53899        2.46805        0.2935         3.98116        2.08084        0.45155        5.60241        1.79474        0.60564        
240      NO_ID      1.122640715    0.1934605701   0.5444101135   6.054762639    0.0295398667   4.126          3.40394        0.34522        4.59941        2.46383        0.43497        5.30303        1.6793         0.36066        
241      NO_ID      1.501105943    0.1745010206   0.5705733921   8.632950348    0.1975548723   5.41958        3.34068        0.44971        8.01615        2.83895        0.67135        11.16427       2.57543        0.72311        
242      NO_ID      0.9579625477   0.2446295884   0.8753796737   6.178400369    0.2697737962   2.3277         2.14658        0.31468        3.7891         1.80232        0.50382        5.07246        1.62576        0.62428        
243      NO_ID      1.2027044      0.2371493158   0.6586738057   7.313016217    0.02861468704  2.81477        2.4246         0.33002        3.44913        1.65594        0.46719        3.4141         1.62234        0.36011        
244      NO_ID      0.9218046684   0.2000016972   0.1325230852   5.503169344    0.143269136    7.0922         4.36755        0.48542        11.19105       3.96916        0.69029        15.87302       3.70278        0.82992        
245      NO_ID      1.111145222    0.2193962942   0.1915052093   4.260447622    0.06244889438  6.21394        3.82907        0.46862        10.13072       3.217          0.77773        12.67218       2.79974        0.82172        
246      NO_ID      0.999230537    0.1974798435   0.7324023938   9.328326371    0.1949160466   3.45679        2.90539        0.3374         5.20833        2.53344        0.50544        7.30949        2.20885        0.6406         
247      NO_ID      1.456339082    0.1227362606   0.6776440171   9.651211858    0.1084861238   6.64767        6.74634        0.26069        9.49495        5.3539         0.39311        12.5448        4.52365        0.46845        
248      NO_ID      0.8707949039   0.1346681327   0.6909897321   4.913243814    0.09810863211  5.7266         6.87401        0.22943        7.70077        5.65663        0.31835        10.72797       3.86386        0.45363        
249      NO_ID      0.8397362111   0.1558597925   0.9317819465   4.738663441    0.2546724012   4.0864         3.86483        0.29603        6.21394        3.30048        0.45038        8.21596        2.93811        0.49258        
250      NO_ID      0.899456135    0.1470768441   0.5235893136   8.134387586    0.2917653399   4.77404        2.64802        0.51334        7.16846        2.42249        0.69109        9.83087        2.30824        0.78656        
251      NO_ID      0.8056827687   0.1717589055   0.3282154571   2.94768565     0.03571760673  5.60897        3.88291        0.40159        6.62393        2.04557        0.57196        7.67544        1.53296        0.34055        
252      NO_ID      1.398031789    0.1260794217   0.4450602631   4.196409578    0.2771247843   9.42761        4.28751        0.60299        14.74359       3.70892        0.93791        19.51389       3.48177        0.94894        
253      NO_ID      1.170585251    0.1857651122   0.6293405042   7.626787841    0.1569778425   4.32099        3.72886        0.32751        6.7535         3.00604        0.53761        8.88889        2.78551        0.57202        
254      NO_ID      0.9099461416   0.1271401332   0.3209033147   6.329971985    0.2133554359   9.07912        4.60784        0.5269         13.22002       4.12682        0.70877        18.24147       3.86345        0.79746        
255      NO_ID      0.856775601    0.1519776755   0.285526088    3.588570447    0.2305610594   7.89474        4.98426        0.46788        12.68116       4.47832        0.66908        17.48428       4.15212        0.7706         
256      NO_ID      1.49234792     0.1804098683   0.2799951261   7.99975229     0.1636097641   8.21555        3.83818        0.6064         12.51117       3.34941        0.8908         17.74809       2.91893        1.20809        
257      NO_ID      1.54859904     0.21542066     0.1598401346   3.764913343    0.09341374132  8.5003         3.79123        0.66098        13.76598       3.24055        1.05616        18.5259        2.79904        1.27732        
258      NO_ID      1.081827328    0.1412587638   0.9612516005   7.077269584    0.1260400234   4.19664        5.75472        0.19863        6.06061        4.65027        0.28961        8.17391        3.82254        0.36783        
259      NO_ID      1.584111341    0.1841157932   0.4172000783   6.552660183    0.2957525117   6.21394        2.53182        0.69638        9.52381        2.2303         1.05291        13.32392       2.05332        1.25156        
260      NO_ID      1.007628049    0.209021086    0.1173030283   7.452282447    0.1779887753   6.76856        3.28696        0.6162         10.29304       3.02906        0.80115        14.27115       2.8713         0.89485        
261      NO_ID      1.245536042    0.2323587255   0.718471471    6.735475331    0.02154134448  2.38217        2.05302        0.31708        2.75157        1.1292         0.45677        2.8423         1.20233        0.27214        
262      NO_ID      1.328626364    0.2141471255   0.8168245083   4.551441717    0.0561139653   3.08114        2.92242        0.29955        3.69783        2.32539        0.39295        4.52635        1.93591        0.44013        
263      NO_ID      1.430321465    0.1642409991   0.8500520952   5.332015086    0.1527224206   4.2618         4.55862        0.25364        5.97525        3.82695        0.36047        8.12865        3.07574        0.4834         
264      NO_ID      1.536823207    0.2304682048   0.4001944738   3.394051546    0.2500973289   4.87719        2.629          0.55488        7.69868        2.26004        0.85653        11.46601       2.06977        1.0876         
265      NO_ID      1.305277884    0.1447479799   0.764289159    8.25288314     0.2629916048   4.99109        2.96493        0.46215        7.47863        2.64229        0.65516        10.14493       2.38069        0.74136        
266      NO_ID      0.9626088957   0.1887401672   0.6057097953   8.590120927    0.2194870058   3.94626        2.9307         0.39055        6.23053        2.59405        0.5877         8.95003        2.26258        0.75446        
267      NO_ID      1.05275345     0.1757422476   0.4652078052   8.865588781    0.2798725897   4.61589        2.41989        0.55645        6.97791        2.17105        0.79571        9.62199        2.06349        0.8997         
268      NO_ID      1.076622037    0.2492505312   0.502287917    2.41954017     0.07917616224  3.24299        2.43403        0.39322        4.85386        1.43192        0.77924        4.82137        1.30624        0.57075        
269      NO_ID      1.194368825    0.2343959134   0.3805696196   9.496046383    0.1360152696   4.13345        2.79662        0.43574        6.41553        2.40449        0.66392        9.21569        2.14181        0.8678         
270      NO_ID      1.47698873     0.207497749    0.1800160797   9.990663612    0.1811225145   7.75194        2.84944        0.81001        11.69154       2.57887        1.10132        16.19883       2.43944        1.22219        
271      NO_ID      1.239161696    0.1602103488   0.3573765581   5.742201262    0.1147829932   8.01833        5.46557        0.41929        12.15278       4.45223        0.63735        16.2037        3.78275        0.8121         
272      NO_ID      1.400038763    0.222043312    0.992354949    2.76444433     0.07586444116  2.53427        2.5592         0.28259        3.81888        1.40229        0.6329         3.53075        1.43128        0.38021        
273      NO_ID      1.364669721    0.1544412206   0.2296855164   5.111880109    0.1729348492   10.91549       5.25928        0.5964         16.90909       4.53481        0.88885        24.51499       3.98214        1.15828        
274      NO_ID      1.566205538    0.1679669425   0.8327393979   3.155731444    0.05309188765  4.09692        3.74245        0.31832        4.76923        2.00417        0.49496        4.82094        1.74038        0.30095        
275      NO_ID      1.342715031    0.1364528949   0.9462181865   3.879743329    0.118743182    4.54102        6.59686        0.19107        6.65716        4.88299        0.30695        8.3632         3.81261        0.37768        
276      NO_ID      1.27518301     0.2018435077   0.7788190844   2.395406413    0.04633005569  2.95359        2.19515        0.36302        3.1489         1.45771        0.40661        3.51936        1.12216        0.23577        
277      NO_ID      1.280092031    0.1320056105   0.253556114    2.136744712    0.08475258632  14.01401       6.31523        0.63314        16.60693       3.85459        0.84219        21.40673       2.44781        0.92271        
278      NO_ID      1.158700334    0.2414500733   0.5742352104   6.963021922    0.2078300965   3.21617        2.44663        0.37717        5.00715        2.05577        0.60939        7.23173        1.76048        0.83985        
279      NO_ID      1.020044102    0.2272279314   0.8905409971   9.156639593    0.2246068685   2.58255        2.2355         0.33555        3.84404        1.94474        0.48702        5.47059        1.70241        0.61978        
280      NO_ID      1.122640715    0.1934605701   0.5444101135   5.844539846    0.2402498933   4.48166        3.12483        0.41845        7.29167        2.65963        0.67951        10.14493       2.40394        0.84074        
