%eval_id interface desired_speed  time_gap       least_sq_term_1 least_sq_term_2 least_sq_term_3 least_sq_term_4 least_sq_term_5 least_sq_term_6 least_sq_term_7 least_sq_term_8 least_sq_term_9 least_sq_term_10 least_sq_term_11 least_sq_term_12 least_sq_term_13 least_sq_term_14 least_sq_term_15 least_sq_term_16 least_sq_term_17 least_sq_term_18 least_sq_term_19 least_sq_term_20 least_sq_term_21 least_sq_term_22 least_sq_term_23 least_sq_term_24 least_sq_term_25 least_sq_term_26 least_sq_term_27 least_sq_term_28 least_sq_term_29 least_sq_term_30 least_sq_term_31 least_sq_term_32 least_sq_term_33 
1        NO_ID      1.665685937    0.453151876    8.83683        1.02525        3.26472        10.61618       -0.65862       7.09224        5.37879        -0.55646       2.16793        6.71378        1.1973         4.0151         6.67336        0.53882        1.55137        12.69841       0.60138        3.97859        8.61298        0.38812        2.81397        5.42636        -1.86807       4.64513        5.30138        0.32143        3.79913        6.30037        0.67366        4.01271        8.82871        1.45209        0.37813        
2        NO_ID      1.41078672     0.6692821116   2.86434        1.16647        0.66517        4.30936        -0.60046       2.87156        0.05747        -0.4878        -0.29755       2.96736        0.79226        2.78084        1.22992        0.36212        -1.03964       6.96333        0.44282        1.60317        2.79931        -0.58682       0.43345        2.14521        -1.15234       3.69094        -0.45552       -0.31114       0.74135        1.10544        0.86025        0.87875        3.31263        1.58488        -1.76312       
3        NO_ID      1.136579207    0.5437039941   2.4139         0.9626         0.79103        3.71603        -0.78671       3.8788         -1.07181       -0.69383       -0.84774       0.60923        1.28999        0.35845        1.2599         1.01837        -1.19151       6.33775        0.14942        1.83821        1.70732        0.38976        -0.94707       1.66131        -2.09415       2.3159         0.11093        0.07794        1.4127         0.83752        0.37814        1.34644        3.04733        1.45876        -1.05995       
4        NO_ID      0.9780511414   0.232904553    9.71514        0.73605        3.64346        10.9857        -1.36981       5.42619        4.98512        -1.52173       0.75314        8.11486        1.16273        4.51104        8.22089        0.82579        2.47506        14.77522       -0.29834       4.0159         9.22108        0.95655        2.03633        6.50407        -2.46116       4.39472        6.1463         -0.04988       3.73807        6.35095        -0.36005       2.99445        10.28864       1.16607        0.71947        
5        NO_ID      1.543869755    1.058047332    -0.26434       0.96203        -1.43489       0.75865        -0.77779       0.98392        -0.91991       0.14302        0.96634        0.79156        -0.30923       2.19538        0.35007        -1.30623       0.23268        4.71663        0.37497        0.24308        3.47594        -2.52994       6.43446        0              -0.68332       1.78027        -1.34245       -0.83226       0.02799        -0.5152        1.28737        -0.4921        1.33706        1.40456        -3.02362       
6        NO_ID      0.830044949    0.9223283018   -4.00082       1.11529        -1.99276       -3.1457        -0.67008       -0.56657       -5.64394       -0.58486       -2.47028       -4.52599       1.03699        -2.46776       -5.12089       0.7629         -4.21979       -1.54272       0.18496        -1.69776       -3.76712       0.16916        -3.32388       -4.35565       -1.6846        -0.86708       -5.43801       0.13562        -1.97123       -5.43011       0.79757        -2.12332       -3.74833       1.72551        -3.83197       
7        NO_ID      1.251125337    0.7646776406   0.2453         0.92703        0.06128        1.34804        -0.5277        1.45728        -1.69753       -0.11411       -0.79224       -0.6068        0.59728        -0.14516       -1.03939       0.36188        -1.97941       4.11232        0.41337        -0.00442       1.31265        -0.38009       -0.15588       -0.61033       -1.23693       0.96428        -1.38889       -0.01174       0.51075        -1.13918       0.7137         -0.01807       1.22027        1.72399        -2.48123       
8        NO_ID      1.270555527    0.8238793206   0.25914        0.99043        -0.66694       1.34804        -0.31556       1.52814        -1.83486       -0.07057       -1.17026       -1.42089       0.02333        -0.47067       -1.45127       0.23464        -2.13084       3.37177        0.26141        0.21047        1.22724        -0.90322       0.58696        -0.14493       -1.21258       1.90312        -2.36407       0.31902        0.03466        -1.20809       1.04442        0.13731        0.65829        1.59677        -2.68573       
9        NO_ID      1.229390092    0.766451497    0.273          1.17182        -0.84124       1.06126        -0.38684       1.85659        -1.65119       -0.31526       -1.10855       0.1269         0.68268        0.66022        -1.6206        0.40203        -2.25302       3.69187        0.53042        0.05277        0.14881        -0.5897        -0.98354       -0.38095       -0.94171       2.57082        -1.94647       -0.07303       0.07294        -0.9995        0.96576        -0.13659       0.64275        1.56591        -2.61306       
10       NO_ID      1.250402773    0.7693106416   0.58382        1.25948        -0.78146       1.42787        -0.51932       1.86156        -1.78937       -0.057         -1.03755       -0.6068        0.31714        -0.01862       -0.76442       0.55042        -2.22814       3.88889        0.39354        0.7244         -0.25418       -0.192         -1.03113       -0.74488       -1.22011       0.90325        -1.7284        0.18419        0.17616        -0.90498       0.72714        -0.48172       0.84694        1.63489        -2.59483       
11       NO_ID      1.58814801     1.12891776     0.67058        0.74872        -1.09476       0.7339         -0.04919       0.4114         -1.83486       0.29222        0.14428        1.16801        -0.82505       3.72647        -1.04314       -1.8552        0.04779        3.75712        0.55823        -0.26224       3.42222        -2.31505       5.35791        -0.24015       -0.37127       1.99715        -2.1999        -1.0558        -0.27882       0.24272        1.02825        -0.70705       1.4895         1.29554        -3.0074        
12       NO_ID      1.25074712     0.78963996     0.48369        1.10459        -0.85037       1.72673        -0.52459       1.15816        -1.88008       -0.02285       -0.58367       -1.59453       0.41655        -0.6742        -0.87249       0.12454        -1.80735       3.97768        0.35789        0.06779        0.3003         -0.41155       -0.84453       -0.33429       -1.27606       2.4159         -1.79449       -0.03865       0.15802        -1.16222       0.78986        -0.44973       1.0723         1.62328        -2.83269       
13       NO_ID      1.275716966    0.8239524551   0.17644        1.19372        -0.65273       1.42787        -0.35599       1.97231        -1.74359       -0.03212       -0.84397       -1.13459       -0.00564       -0.33728       -0.85714       0.24489        -1.7471        3.39279        0.53753        0.09663        0.14881        -0.12605       -0.65949       -0.19268       -1.05623       1.15577        -2.28245       0.07871        -0.14845       -1.11607       0.89926        -0.38189       0.81522        1.58235        -2.83243       
14       NO_ID      1.281065317    0.8290125338   0.13539        0.87504        -0.5923        0.66007        -0.53779       1.52488        -1.4629        -0.0569        -1.9446        -1.31477       -0.19401       -0.38279       -1.08429       -0.0683        -1.71269       3.77897        0.36046        -0.10443       1.61812        -0.60417       0.64306        -0.38095       -1.34697       1.08977        -2.2619        0.04262        -0.11447       -1.4556        1.16555        -0.45688       0.65829        1.70297        -2.35845       
15       NO_ID      1.239692898    0.7616487688   0              1.11626        -0.67062       1.45464        -0.52915       1.45574        -1.31857       -0.1938        -1.81371       0.43066        0.72632        0.61003        -0.63908       0.16602        -1.67178       3.77897        0.52758        0.37406        0.89355        -0.42952       0.01296        0.19724        -1.03113       2.73674        -1.61692       0.0526         -0.25963       -1.36652       0.9498         0.10023        0.97502        1.87499        -2.93371       
16       NO_ID      1.281481795    0.8251391657   0.13539        1.16541        -0.86536       1.37457        -0.52672       1.60521        -1.69753       -0.07468       -1.16057       -0.79936       -0.2175        0.12049        -1.28205       0.11482        -1.94461       2.76084        0.36246        -0.5302        1.57385        -0.69525       0.5485         -0.47348       -1.24946       1.70247        -1.66171       -0.10641       0.48196        -1.36652       1.0038         -0.72036       0.83107        1.58719        -2.81736       
17       NO_ID      1.253027084    0.7582286964   0.37068        1.1543         -0.32693       1.69915        -0.43339       1.75392        -1.92503       -0.36375       -1.88339       0.16964        0.61331        1.09298        -0.90218       0.38143        -2.07231       3.56261        0.42682        -0.05435       -0.03679       -0.79972       -0.47819       0.29762        -1.09301       2.23252        -1.94647       -0.16945       0.33647        -1.02295       0.80005        -0.69525       1.13776        1.55365        -2.08345       
18       NO_ID      1.265762897    0.7642112357   -0.12          0.98926        -0.17912       1.13857        -0.51103       1.84106        -1.65119       -0.1627        -1.2167        0.04209        0.45817        0.76241        -0.91963       -0.07711       -1.51413       4.11232        0.1769         0.59712        -0.10989       -0.52232       -0.61172       0.14749        -1.05275       1.04412        -1.7284        0.09885        -0.04556       -0.95238       0.86508        0.18433        1.10497        1.59402        -2.52721       
19       NO_ID      1.221567336    0.77424308     -0.36774       0.89604        -0.51818       1.40118        -0.50952       1.17512        -2.27498       -0.09894       -1.82765       -0.08354       0.54915        0.26836        -1.15856       0.35312        -2.03659       3.51989        0.48936        -0.04228       -0.07342       -0.52346       -0.9562        -0.14493       -1.24528       1.63536        -1.86001       0.11489        0.02509        -1.43343       1.12315        0.41974        0.5501         1.4786         -3.05576       
20       NO_ID      1.260401374    0.7680018102   0.7289         1.0862         -0.05145       1.24269        -0.50593       1.83715        -1.83486       -0.31057       -1.24767       -0.9127        0.58828        0.29777        -0.68631       0.14493        -1.56368       3.69187        0.21817        0.1628         1.10063        -0.5834        0.1351         -0.51936       -1.26962       1.43597        -1.684         -0.08571       0.23071        -0.85729       0.82421        -0.18772       1.35387        1.63756        -2.4728        
21       NO_ID      1.260721259    0.7639173179   0.65606        1.08144        -0.25049       1.19048        -0.36278       1.7777         -1.22081       -0.12573       -1.03077       -0.64568       0.2004         0.22369        -0.77995       0.12789        -1.75307       3.88889        0.47666        0.26348        -0.03679       -0.66766       -0.99764       -0.14493       -1.30601       1.35712        -2.03193       -0.01465       -0.02319       -1.34409       0.94739        -0.37998       0.99116        1.57633        -2.71034       
22       NO_ID      1.224317093    0.7563789458   0.37068        1.29493        -0.8814        1.45464        -0.49124       1.69607        -1.4629        -0.10839       -0.68917       -1.02443       0.13524        -0.04048       -0.69873       0.28819        -1.58671       3.84478        0.58217        0.77001        1.52979        -0.30432       -0.04047       0.14749        -1.19062       2.26305        -2.03193       0.00542        -0.02613       -1.27639       1.06112        0.3655         0.87879        1.56829        -2.51787       
23       NO_ID      1.273763786    0.7813730028   0.59822        1.10292        -0.73508       1.67166        -0.39288       1.66302        -1.92503       -0.03644       -0.27557       -0.98736       0.01072        -0.18636       -0.34415       0.30371        -1.49441       3.82279        0.2418         0.17932        -0.10989       -0.21919       -0.79309       -0.04859       -0.90305       1.92714        -1.36571       0.01272        0.45631        -1.16222       0.99382        0.02099        0.83107        1.67563        -2.60527       
24       NO_ID      1.246318908    0.7883752853   0.12175        1.3044         -0.89019       1.40118        -0.40584       1.58594        -2.0141        -0.04132       -1.10088       -0.64568       0.39203        -0.26875       -1.44871       0.31191        -2.29169       2.35489        -0.25935       0.30122        0.49355        -0.45778       -0.15013       -0.04859       -1.66896       0.92396        -2.03193       -0.09713       0.30895        -1.02295       0.86404        -0.22304       0.97502        1.6388         -2.47051       
25       NO_ID      1.255127662    0.7922914303   0.41288        1.158          -0.38003       1.40118        -0.56245       1.61823        -1.88008       -0.08962       -1.47359       -0.83732       0.5047         -0.26005       -1.20279       0.31196        -2.00811       3.37177        0.40032        -0.0297        0.61162        -0.39608       -0.06939       -0.0969        -1.15431       1.0628         -1.8164        -0.09741       0.02744        -1.13918       1.08984        -0.31788       1.03976        1.56865        -2.58768       
26       NO_ID      1.266466644    0.7999415739   0.28313        1.12224        -0.48908       1.50841        -0.5163        0.7727         -1.83486       -0.02592       -0.8877        -0.83732       -0.00416       0.32163        -1.54771       -0.18091       -1.92389       3.71357        0.3203         0.52662        -0.39597       -0.58882       -0.44568       0.04888        -1.15234       1.3204         -1.8164        0.02588        -0.11453       -1.34409       0.68314        -0.21632       1.03976        1.6491         -2.79214       
