%eval_id interface desired_speed  radius         time_gap       strength_neighbor range_neighbor flow_2.4       density_2.4    speed_2.4      flow_3.6       density_3.6    speed_3.6      flow_5.0       density_5.0    speed_5.0      
1        NO_ID      1.104957766    0.1400098202   0.6814234261   8.385146557    0.2206222813   5.60878        3.64384        0.42337        8.13008        3.23261        0.58613        10.71429       3.03079        0.62636        
2        NO_ID      1.325569746    0.1815432469   0.3172066942   8.013393885    0.1089502642   7.11382        4.46184        0.45093        10.90487       3.70246        0.68949        15.34653       3.25423        0.92282        
3        NO_ID      1.525185049    0.2090467206   0.9506881502   3.904320867    0.275869912    3.07047        2.73427        0.32783        4.74737        2.25737        0.49307        6.39615        1.98832        0.58733        
4        NO_ID      1.193896473    0.155036023    0.5546217327   3.10802392     0.02090505704  3.53535        2.68844        0.29808        3.9852         1.0824         0.33095        4.30902        0.80143        0.15493        
5        NO_ID      1.440479638    0.1716524616   0.3831906903   6.944787827    0.1279731097   7.16846        4.63711        0.42817        11.19105       3.82391        0.69268        14.862         3.37075        0.80499        
6        NO_ID      1.017925862    0.1732609066   0.1091466981   4.848535084    0.287374664    7.60043        3.13328        0.65675        11.1244        2.85757        0.85274        14.80298       2.70416        0.92776        
7        NO_ID      1.02037496     0.1630871522   0.88180179     2.697858251    0.1866042246   4.14079        4.62639        0.25289        5.77558        3.80827        0.36482        8.01615        3.34382        0.44126        
8        NO_ID      1.200597524    0.2072486903   0.9255495907   2.074720024    0.2425001123   3.0205         3.08977        0.27752        4.58415        2.48843        0.43255        6.14035        2.38854        0.47508        
9        NO_ID      0.8214144976   0.2360690887   0.1351623272   2.867969733    0.2144091708   4.58415        3.17854        0.50941        6.86854        3.11815        0.65864        10.15907       3.00788        0.75856        
10       NO_ID      1.084144858    0.2381750855   0.7831489649   5.463899007    0.2828176783   2.68045        2.23235        0.35277        4.36545        1.87567        0.58323        6.11842        1.68951        0.69825        
11       NO_ID      1.269063446    0.1662213631   0.6869626608   6.605205253    0.03787294412  4.92384        4.25538        0.32809        5.2295         2.56402        0.4158         6.14844        2.10197        0.36602        
12       NO_ID      0.8110159581   0.1584071049   0.362410441    7.295017721    0.05560200501  6.68577        6.10438        0.31109        9.82456        5.03226        0.45692        13.10861       3.71649        0.59415        
13       NO_ID      1.292982881    0.1881719851   0.2262165324   7.583606004    0.1773616797   7.8727         3.6201         0.62229        12.33422       3.27995        0.90392        17.35331       2.99707        1.08824        
14       NO_ID      1.438266029    0.124245672    0.5291920026   9.620020869    0.1447384651   8.05893        5.48258        0.40534        11.78451       4.72832        0.54429        15.61111       4.06561        0.65142        
15       NO_ID      1.168816197    0.2298082001   0.344362013    7.101114812    0.08530699951  4.57516        3.15447        0.40971        6.88299        2.69619        0.62351        10.31571       2.33281        0.88209        
16       NO_ID      0.8767989808   0.1599956815   0.4213784769   6.138295502    0.1518743514   6.2249         5.07425        0.35523        9.908          4.27739        0.56975        14.01401       3.75053        0.74425        
17       NO_ID      1.222907403    0.193685247    0.6189348205   8.65546461     0.2987961548   4.01606        2.09572        0.56756        6.07456        1.86245        0.83914        8.39329        1.72705        0.94545        
18       NO_ID      0.9778589392   0.1958072451   0.8977899739   2.368757419    0.1198472067   3.30969        3.3964         0.27844        4.52934        2.47119        0.46595        5.02874        2.05271        0.40336        
19       NO_ID      1.389852718    0.2261235854   0.4557526245   4.412305786    0.03226498021  3.99886        2.31103        0.48044        4.5045         1.50072        0.64838        4.79641        1.22212        0.45294        
20       NO_ID      1.568302024    0.2477762436   0.7408806745   8.414512427    0.1569989932   2.72427        2.33039        0.32818        4.28528        1.88221        0.52134        5.79167        1.67001        0.60811        
21       NO_ID      1.411817256    0.2323129825   0.2620754769   3.565225615    0.1974494766   6.03522        2.88219        0.62948        9.25926        2.59017        0.91414        13.55685       2.38061        1.19717        
22       NO_ID      1.14187103     0.1287526982   0.4120991211   3.665161432    0.2529838516   9.5723         4.98911        0.52068        14.23506       4.4816         0.71882        19.87179       4.05015        0.85444        
23       NO_ID      0.930216552    0.2009342108   0.290297944    9.598060238    0.2072132663   4.90712        2.76223        0.54267        7.431          2.52186        0.72733        10.40741       2.40379        0.80091        
24       NO_ID      1.249136664    0.2220945857   0.2415653374   6.296489161    0.2292754766   5.71253        2.7695         0.61101        8.87199        2.53829        0.85778        12.5           2.3253         1.05145        
25       NO_ID      0.8858180949   0.2038790199   0.6515657887   9.035212423    0.1384870798   3.367          3.38796        0.27989        5.11135        2.92904        0.41534        7.29167        2.5351         0.5447         
26       NO_ID      1.042511706    0.2122284806   0.7625327599   5.646116841    0.04931470377  3.17893        3.07802        0.29149        4.12614        2.22788        0.43658        4.53956        2.10451        0.38138        
27       NO_ID      1.519472965    0.1818169971   0.589613016    3.314558773    0.1938947223   5.17943        3.91036        0.39044        8.25959        3.11995        0.63422        10.6198        2.87371        0.67026        
28       NO_ID      0.8541629564   0.2403251321   0.7230842593   7.841393227    0.2363978268   2.49688        2.24809        0.33561        3.80642        1.95337        0.49229        5.57547        1.75375        0.66848        
29       NO_ID      1.060812615    0.2156302802   0.9705065594   4.08902901     0.06866470872  2.51031        3.02871        0.23608        3.64015        2.15385        0.42313        3.84088        1.87823        0.36241        
30       NO_ID      1.121029344    0.2177997053   0.8541121289   5.161404535    0.04181351613  2.83688        2.67326        0.30112        3.72           1.55176        0.52559        3.80405        1.65373        0.34408        
31       NO_ID      0.9024265716   0.1344314746   0.5995310211   5.394320522    0.2711733591   5.92498        3.71123        0.44153        9.25926        3.34017        0.65086        12.43316       3.1            0.74254        
32       NO_ID      1.548047213    0.2442314271   0.5152289968   9.938530123    0.09953155432  3.48203        2.61463        0.36942        5.56881        2.0624         0.62884        6.92576        1.93977        0.71664        
33       NO_ID      1.30431154     0.1316565149   0.1843335423   2.533626961    0.09378713771  16.66667       8.03699        0.61016        24.25829       5.11998        1.0144         30.59211       3.79669        1.0791         
34       NO_ID      1.491177082    0.1442274752   0.8056526603   5.804245148    0.1731677752   5.25526        4.91162        0.29185        7.50268        4.15014        0.40253        9.74843        3.56545        0.47849        
35       NO_ID      1.475316527    0.151712412    0.835922949    7.719332755    0.2605615841   4.69956        3.03805        0.42219        6.92384        2.62222        0.58141        9.02643        2.50034        0.62288        
36       NO_ID      1.373525098    0.1775848716   0.466254494    6.530095372    0.248435659    5.94629        3.10619        0.54093        8.99165        2.73901        0.81349        13.03538       2.3841         1.0867         
37       NO_ID      1.591055439    0.1371434903   0.1555511555   4.228519869    0.114682777    17.61724       7.55749        0.66446        28.35366       5.96861        1.10171        38.70523       5.1127         1.30721        
38       NO_ID      1.347078101    0.1477701093   0.1960578006   4.660452723    0.07365937225  12.98883       6.92947        0.53245        19.44444       5.47792        0.8252         25.18116       4.0444         0.99498        
39       NO_ID      0.9887412388   0.1209214565   0.984616402    9.230372199    0.1650842365   4.73773        5.12696        0.25407        6.72893        4.44507        0.33801        8.82353        3.96104        0.38437        
40       NO_ID      0.9513862265   0.1887138313   0.4909178064   8.839795205    0.08077128247  4.52635        4.30631        0.29419        7.12468        3.44594        0.49777        9.98579        2.90502        0.66956        
41       NO_ID      1.50446646     0.2350835407   0.443047048    5.022688817    0.2407368523   4.59318        2.50228        0.52652        7.01754        2.13991        0.8103         9.92832        1.9229         1.06152        
42       NO_ID      1.564641968    0.2135782987   0.8117347548   4.868066495    0.166811598    3.32856        2.99867        0.30584        4.89682        2.40004        0.48623        6.65716        2.14566        0.56535        
43       NO_ID      0.9013709984   0.1939174456   0.9363816606   3.135199318    0.1349275597   3.03622        3.6217         0.24031        4.15173        3.06049        0.33098        5.57547        2.67474        0.38561        
44       NO_ID      1.45183052     0.1462463117   0.4172629985   5.713276295    0.2478382961   8.13149        3.80767        0.58727        12.95265       3.29216        0.96936        17.54386       2.9889         1.11235        
45       NO_ID      1.289086236    0.1641290309   0.3831384271   8.534866075    0.2518850611   6.57277        2.83303        0.659          9.7629         2.58239        0.88688        13.7574        2.38622        1.1082         
46       NO_ID      1.099858471    0.2435015562   0.5288846662   8.742977333    0.1705425968   3.19854        2.48667        0.37915        5.01253        2.09515        0.60122        7.10673        1.83658        0.77791        
47       NO_ID      1.26745623     0.1583344149   0.9739962017   5.501631486    0.1025218264   3.63448        5.22526        0.19151        5.14517        4.11894        0.28776        6.62363        3.40744        0.36881        
48       NO_ID      1.463061786    0.195958936    0.2712608613   7.869103468    0.03050395886  7.10299        3.98936        0.51104        8.87199        3.24715        0.649          9.78947        2.42309        0.61464        
49       NO_ID      0.8072216755   0.2233980428   0.3568885052   8.211374514    0.191779105    3.80331        2.81468        0.41428        5.87002        2.55227        0.5701         8.33333        2.41087        0.69963        
50       NO_ID      1.375771783    0.1432781922   0.3034456942   9.757808851    0.1172701767   10.10101       5.61208        0.50712        15.35088       4.72482        0.76202        20.77728       4.22433        0.88318        
51       NO_ID      1.343144893    0.2195614863   0.5791306036   4.165974007    0.1102748629   4.01952        3.03464        0.37338        5.86767        2.50802        0.57303        7.42521        2.17229        0.67168        
52       NO_ID      0.8861225459   0.2149900669   0.9067839947   2.959265203    0.05703339424  2.55421        2.71271        0.28031        3.28622        1.449          0.49705        3.34292        1.34262        0.30214        
53       NO_ID      1.589590146    0.228109058    0.4712932752   3.489182822    0.2832631921   4.67602        2.52681        0.56754        7.26837        2.17219        0.82716        10.48265       1.96388        1.0378         
54       NO_ID      0.925673789    0.1514583809   0.1490171238   7.364646712    0.2964384219   5.70497        2.66135        0.57462        8.30368        2.42356        0.7631         11.19105       2.27315        0.84888        
55       NO_ID      1.544859564    0.208186209    0.1257690241   4.2920737      0.04392293336  9.52381        4.21843        0.64616        13.24786       3.51765        0.89416        17.09246       2.72857        1.03541        
56       NO_ID      1.412349084    0.1273925718   0.8873767006   6.385505855    0.2080427613   5.46448        4.66019        0.31472        7.77778        4.00018        0.4204         10.35635       3.49603        0.48608        
57       NO_ID      1.232410254    0.2476455455   0.7690531012   9.082883772    0.1590382356   2.52252        2.37024        0.30115        3.93148        1.88898        0.48649        5.33944        1.68041        0.58693        
58       NO_ID      0.8689162036   0.1743730185   0.6843525003   9.895418328    0.05440066307  4.08282        4.7028         0.24039        6.1082         3.51517        0.42097        7.45474        3.11432        0.45905        
59       NO_ID      0.9642578867   0.2264720837   0.1119579204   6.96325385     0.2764307237   4.66667        2.24704        0.63294        6.9403         2.05716        0.82571        9.46038        1.95881        0.89007        
60       NO_ID      1.021511328    0.1668735294   0.8529780941   4.526954644    0.2201473177   4.21163        4.0404         0.29303        6.43678        3.39827        0.43147        8.24468        2.97946        0.53575        
61       NO_ID      1.312374732    0.2432919096   0.6397325369   6.005406375    0.1958045256   3.16228        2.44927        0.36931        4.99822        1.97095        0.61614        6.96108        1.72619        0.81283        
62       NO_ID      0.9907758532   0.1533916445   0.6555312138   2.571323632    0.174396901    5.61572        5.40629        0.29443        8.25959        4.39109        0.44485        11.1245        3.68003        0.54694        
63       NO_ID      1.042516421    0.1298485119   0.9175191169   8.981671604    0.08768151306  4.52059        6.90712        0.17704        6.32571        5.46347        0.26261        8.40841        4.42703        0.32302        
64       NO_ID      0.9415299256   0.2325736719   0.2355630689   3.743075814    0.07530497611  4.53372        3.39735        0.39509        7.53205        2.98829        0.64033        10.47297       2.3443         0.85563        
65       NO_ID      1.063675446    0.1819004627   0.8338902541   7.580802495    0.1849753152   3.63448        3.49972        0.29243        5.52894        2.91652        0.45296        7.80379        2.62014        0.52757        
66       NO_ID      1.520618584    0.1403994957   0.7183415437   4.756000644    0.2143348109   6.15655        4.7692         0.35328        8.89531        3.9763         0.52358        11.91088       3.45009        0.58883        
67       NO_ID      1.149955657    0.1855874061   0.2073055081   5.238256658    0.1267513226   8.21596        4.70468        0.50992        13.09859       4.11918        0.77891        18.65079       3.70977        1.01797        
68       NO_ID      1.108727142    0.1360612217   0.5515833196   6.410595004    0.2638956886   6.56353        3.47838        0.5146         9.84529        3.11955        0.72418        13.01498       2.88015        0.82356        
69       NO_ID      1.128670686    0.2391291852   0.794000057    9.547064837    0.224212575    2.66819        2.09796        0.36949        4.02994        1.80235        0.53906        5.62249        1.6209         0.65479        
70       NO_ID      1.172334106    0.1765206136   0.3323409401   7.05038606     0.0673490797   7.01098        4.91752        0.40209        10.53424       3.97281        0.63377        13.48748       3.35117        0.73661        
71       NO_ID      1.191666238    0.1804993657   0.6138753267   5.974297909    0.2362794453   4.86111        3.29382        0.41574        7.25765        2.85077        0.60295        10.27047       2.51602        0.76503        
72       NO_ID      1.435974365    0.2070244766   0.9961397183   3.93431405     0.1454387443   2.90216        3.17056        0.25336        4.10798        2.60444        0.36615        5.40123        2.29893        0.43757        
73       NO_ID      0.8576812934   0.2031902605   0.6877935456   6.644067266    0.07743947686  3.34528        3.63372        0.25798        4.94875        2.89914        0.4191         6.19174        2.66337        0.44537        
74       NO_ID      1.219581545    0.1710079862   0.742005886    8.037390199    0.2915383352   4.1816         2.46227        0.46909        6.47249        2.13618        0.71343        8.64312        1.97323        0.84255        
75       NO_ID      1.482492435    0.1200414553   0.3925959949   7.604604595    0.02062004499  7.67974        5.24499        0.34848        8.1728         1.96116        0.50794        10.02155       0.99731        0.30115        
76       NO_ID      1.24586709     0.1991878154   0.2252589974   2.081255437    0.1528246052   7.42208        4.14981        0.5369         10.64073       3.12785        0.9503         14.95726       2.79267        0.97655        
77       NO_ID      1.385510169    0.1377500315   0.2814820724   9.34318314     0.123201725    11.21872       5.69444        0.54726        16.9697        4.89519        0.80486        24.34555       4.17318        1.07227        
78       NO_ID      1.00840533     0.1622045856   0.1832954528   3.2211483      0.09162248746  10.31042       6.23222        0.49387        16.26016       5.16617        0.77824        21.33028       4.0199         0.8824         
79       NO_ID      1.327962738    0.18967812     0.4983862641   2.773390738    0.03702062757  4.31755        2.5323         0.44988        4.65271        1.46432        0.54492        5.19673        1.19875        0.29224        
80       NO_ID      0.8376848286   0.1232524229   0.5230224153   2.208413904    0.2655104196   7.61283        6.24447        0.37267        12.24847       5.17249        0.57787        16.60714       4.71467        0.60739        
81       NO_ID      1.104957766    0.2350835407   0.443047048    5.022688817    0.2407368523   3.91171        2.57732        0.45359        5.92217        2.31102        0.63685        8.57843        2.07634        0.86117        
82       NO_ID      1.325569746    0.2135782987   0.8117347548   4.868066495    0.166811598    3.14042        3.06309        0.28613        4.62323        2.49436        0.42958        6.58204        2.10664        0.60176        
83       NO_ID      1.525185049    0.1939174456   0.9363816606   3.135199318    0.1349275597   3.39147        3.52747        0.26402        4.56175        2.91434        0.37759        5.85417        2.44137        0.45003        
84       NO_ID      1.193896473    0.1462463117   0.4172629985   5.713276295    0.2478382961   7.72627        3.77597        0.56795        11.91688       3.35524        0.84304        16.37427       3.08442        0.98396        
85       NO_ID      1.440479638    0.1641290309   0.3831384271   8.534866075    0.2518850611   6.83698        2.81419        0.68859        10.65449       2.50854        1.00626        14.40329       2.3478         1.16177        
86       NO_ID      1.017925862    0.2435015562   0.5288846662   8.742977333    0.1705425968   3.0541         2.49977        0.35509        4.89168        2.1494         0.56261        7.01754        1.83666        0.78727        
87       NO_ID      1.02037496     0.1583344149   0.9739962017   5.501631486    0.1025218264   3.57325        5.31178        0.18683        4.99109        4.25214        0.27506        6.59574        3.27246        0.36668        
88       NO_ID      1.200597524    0.195958936    0.2712608613   7.869103468    0.03050395886  6.51769        4.31062        0.42776        8.11594        3.55624        0.5514         9.53361        2.93121        0.54198        
89       NO_ID      0.8214144976   0.2233980428   0.3568885052   8.211374514    0.191779105    3.87919        2.79589        0.42464        5.92969        2.55099        0.57653        8.46995        2.41104        0.70624        
90       NO_ID      1.084144858    0.1432781922   0.3034456942   9.757808851    0.1172701767   9.27767        5.67567        0.46201        14.15663       4.88631        0.68712        19.85816       4.30614        0.8377         
91       NO_ID      1.269063446    0.2195614863   0.5791306036   4.165974007    0.1102748629   3.75436        3.14237        0.34242        6.15655        2.36848        0.63402        7.64576        2.06696        0.7124         
92       NO_ID      0.8110159581   0.2149900669   0.9067839947   2.959265203    0.05703339424  2.55988        2.65909        0.28466        2.85627        1.68749        0.42968        3.44189        1.5032         0.31606        
93       NO_ID      1.292982881    0.228109058    0.4712932752   3.489182822    0.2832631921   4.27742        2.61872        0.49734        6.51769        2.26589        0.72716        9.82456        2.02994        0.97488        
94       NO_ID      1.438266029    0.1514583809   0.1490171238   7.364646712    0.2964384219   8.54623        2.59953        0.85901        12.4552        2.39324        1.14092        16.9708        2.28442        1.28374        
95       NO_ID      1.168816197    0.208186209    0.1257690241   4.2920737      0.04392293336  7.94872        4.38963        0.5228         12.2807        3.57612        0.83734        14.95726       3.01461        0.86857        
96       NO_ID      0.8767989808   0.1273925718   0.8873767006   6.385505855    0.2080427613   5.10428        4.71119        0.30546        7.47863        4.12543        0.40391        9.68188        3.79769        0.4255         
97       NO_ID      1.222907403    0.2476455455   0.7690531012   9.082883772    0.1590382356   2.50223        2.34727        0.30174        3.9818         1.93369        0.48003        5.38818        1.66481        0.63152        
98       NO_ID      0.9778589392   0.1743730185   0.6843525003   9.895418328    0.05440066307  4.23857        4.64318        0.2536         5.81879        3.73466        0.37099        7.31452        2.91862        0.44725        
99       NO_ID      1.389852718    0.2264720837   0.1119579204   6.96325385     0.2764307237   6.35786        2.22157        0.85514        9.70201        2.03245        1.1573         13.12559       1.91536        1.25485        
100      NO_ID      1.568302024    0.1668735294   0.8529780941   4.526954644    0.2201473177   4.32499        3.95618        0.30376        6.34058        3.3192         0.41979        8.39416        2.99148        0.48533        
101      NO_ID      1.411817256    0.2432919096   0.6397325369   6.005406375    0.1958045256   3.13409        2.45578        0.3643         5.11281        1.95513        0.6297         6.96517        1.77347        0.75539        
102      NO_ID      1.14187103     0.1533916445   0.6555312138   2.571323632    0.174396901    5.9448         5.16471        0.33001        8.57843        4.30505        0.47201        11.13782       3.42754        0.58387        
103      NO_ID      0.930216552    0.1298485119   0.9175191169   8.981671604    0.08768151306  4.68541        6.87957        0.18613        6.36653        5.56369        0.25584        8.18713        4.51526        0.31805        
104      NO_ID      1.249136664    0.2325736719   0.2355630689   3.743075814    0.07530497611  5.43901        3.27208        0.4839         8.94466        2.6452         0.85735        11.58333       2.15488        1.01021        
105      NO_ID      0.8858180949   0.1819004627   0.8338902541   7.580802495    0.1849753152   3.39888        3.5583         0.27231        5.04386        3.02124        0.40494        7.03871        2.68314        0.47439        
106      NO_ID      1.042511706    0.1403994957   0.7183415437   4.756000644    0.2143348109   5.74006        4.79927        0.33439        8.51449        4.13814        0.461          11.38211       3.69612        0.51985        
107      NO_ID      1.519472965    0.1855874061   0.2073055081   5.238256658    0.1267513226   9.48509        4.52804        0.60381        15.23652       3.88275        0.94692        20.92676       3.33785        1.28223        
108      NO_ID      0.8541629564   0.1360612217   0.5515833196   6.410595004    0.2638956886   5.72597        3.47952        0.44918        8.65681        3.16289        0.63798        11.88034       2.96264        0.72352        
109      NO_ID      1.060812615    0.2391291852   0.794000057    9.547064837    0.224212575    2.55916        2.1186         0.34981        3.89538        1.8225         0.52907        5.50964        1.58903        0.6915         
110      NO_ID      1.121029344    0.1765206136   0.3323409401   7.05038606     0.0673490797   6.61939        5.01897        0.37219        10.28211       4.0246         0.62114        13.46705       3.23367        0.74987        
111      NO_ID      0.9024265716   0.1804993657   0.6138753267   5.974297909    0.2362794453   4.30504        3.36537        0.37198        6.70498        2.90172        0.5657         9.84529        2.60789        0.73664        
112      NO_ID      1.548047213    0.2070244766   0.9961397183   3.93431405     0.1454387443   2.84206        3.1531         0.24971        4.48287        2.40626        0.42233        5.25424        2.27749        0.4536         
113      NO_ID      1.30431154     0.2031902605   0.6877935456   6.644067266    0.07743947686  3.72737        3.51499        0.28814        5.87863        2.60078        0.53889        6.64767        2.38442        0.55847        
114      NO_ID      1.491177082    0.1710079862   0.742005886    8.037390199    0.2915383352   4.51322        2.41097        0.52157        6.73401        2.10761        0.74503        9.10282        1.95378        0.84014        
115      NO_ID      1.475316527    0.1200414553   0.3925959949   7.604604595    0.02062004499  7.49064        5.21492        0.32683        8.1728         1.95492        0.51009        9.91471        0.90995        0.26338        
116      NO_ID      1.373525098    0.1991878154   0.2252589974   2.081255437    0.1528246052   7.92303        4.00151        0.61823        12.56831       3.34761        0.9717         16.25874       2.89136        1.03341        
117      NO_ID      1.591055439    0.1377500315   0.2814820724   9.34318314     0.123201725    11.83761       5.72114        0.57486        17.54057       4.85008        0.84118        24.25829       4.14342        1.03596        
118      NO_ID      1.347078101    0.1622045856   0.1832954528   3.2211483      0.09162248746  12.3131        5.96805        0.6076         19.11565       4.7169         1.00288        24.25829       3.32961        1.16474        
119      NO_ID      0.9887412388   0.18967812     0.4983862641   2.773390738    0.03702062757  4.20042        2.79484        0.42212        4.65           1.43089        0.55877        4.84094        1.04238        0.26997        
120      NO_ID      0.9513862265   0.1232524229   0.5230224153   2.208413904    0.2655104196   7.91246        6.10234        0.38738        13.10861       5.14656        0.6006         17.74398       4.54951        0.72172        
121      NO_ID      1.50446646     0.1400098202   0.443047048    5.022688817    0.2407368523   8.83648        4.28           0.57141        13.70262       3.64929        0.90656        17.82051       3.41817        0.87882        
122      NO_ID      1.564641968    0.1815432469   0.8117347548   4.868066495    0.166811598    4.07569        3.86546        0.29018        5.70552        3.22982        0.406          7.71757        2.75673        0.5033         
123      NO_ID      0.9013709984   0.2090467206   0.9363816606   3.135199318    0.1349275597   2.66857        3.2873         0.23135        3.95072        2.68312        0.36675        5.69906        1.84516        0.56577        
124      NO_ID      1.45183052     0.155036023    0.4172629985   5.713276295    0.2478382961   8.03419        3.64182        0.62721        12.27837       3.20813        0.88926        16.48873       2.91667        1.07763        
125      NO_ID      1.289086236    0.1716524616   0.3831384271   8.534866075    0.2518850611   6.1082         2.7465         0.64021        9.31864        2.48857        0.90742        13.30492       2.32193        1.07644        
126      NO_ID      1.099858471    0.1732609066   0.5288846662   8.742977333    0.1705425968   5.1395         3.77338        0.39145        7.96485        3.2252         0.58526        11.11111       2.83254        0.77263        
127      NO_ID      1.26745623     0.1630871522   0.9739962017   5.501631486    0.1025218264   3.60082        4.96985        0.19872        4.87126        4.10677        0.27863        6.37523        3.31441        0.36722        
128      NO_ID      1.463061786    0.2072486903   0.2712608613   7.869103468    0.03050395886  6.58697        3.66548        0.5104         8.00344        3.10659        0.61016        9.02913        2.52076        0.60216        
129      NO_ID      0.8072216755   0.2360690887   0.3568885052   8.211374514    0.191779105    3.5035         2.64053        0.41017        5.42636        2.41476        0.56898        7.59049        2.26566        0.66565        
130      NO_ID      1.375771783    0.2381750855   0.3034456942   9.757808851    0.1172701767   4.851          2.83341        0.49775        7.61283        2.43253        0.76094        10.77752       2.16672        0.9847         
131      NO_ID      1.343144893    0.1662213631   0.5791306036   4.165974007    0.1102748629   5.71195        4.84893        0.33084        7.85634        3.98739        0.46781        10.18315       3.19392        0.56582        
132      NO_ID      0.8861225459   0.1584071049   0.9067839947   2.959265203    0.05703339424  3.77435        3.94624        0.26576        4.44022        2.59506        0.36119        4.66667        1.59073        0.29524        
133      NO_ID      1.589590146    0.1881719851   0.4712932752   3.489182822    0.2832631921   6.28084        3.27165        0.55824        9.1683         2.84804        0.82021        14.28571       2.39773        1.17485        
134      NO_ID      0.925673789    0.124245672    0.1490171238   7.364646712    0.2964384219   6.36986        2.92066        0.56332        9.38967        2.64307        0.75947        12.57862       2.52112        0.84425        
135      NO_ID      1.544859564    0.2298082001   0.1257690241   4.2920737      0.04392293336  7.75194        3.59245        0.62751        11.40994       3.08406        0.90935        14.57023       2.53974        1.01877        
136      NO_ID      1.412349084    0.1599956815   0.8873767006   6.385505855    0.2080427613   4.30504        3.88068        0.30457        6.23886        3.3354         0.41525        8.30346        2.94787        0.48168        
137      NO_ID      1.232410254    0.193685247    0.7690531012   9.082883772    0.1590382356   3.60639        3.30998        0.30122        5.32725        2.81316        0.42846        7.3985         2.40086        0.5557         
138      NO_ID      0.8689162036   0.1958072451   0.6843525003   9.895418328    0.05440066307  3.5669         3.84418        0.25723        5.10018        3.10726        0.39161        6.12648        2.6828         0.45027        
139      NO_ID      0.9642578867   0.2261235854   0.1119579204   6.96325385     0.2764307237   4.64345        2.25415        0.62407        6.90335        2.05027        0.82803        9.50413        1.95582        0.90578        
140      NO_ID      1.021511328    0.2477762436   0.8529780941   4.526954644    0.2201473177   2.31481        2.3757         0.28083        3.75738        1.91831        0.47786        5.67721        1.63492        0.70015        
141      NO_ID      1.312374732    0.2323129825   0.6397325369   6.005406375    0.1958045256   3.41131        2.63474        0.3684         5.23756        2.11123        0.60233        7.19462        1.85742        0.76278        
142      NO_ID      0.9907758532   0.1287526982   0.6555312138   2.571323632    0.174396901    7.02811        6.8362         0.28628        10.34738       5.65147        0.43074        13.56589       4.47257        0.5267         
143      NO_ID      1.042516421    0.2009342108   0.9175191169   8.981671604    0.08768151306  2.76951        3.49267        0.21822        4.34918        2.61938        0.39455        5.11135        2.54611        0.39786        
144      NO_ID      0.9415299256   0.2220945857   0.2355630689   3.743075814    0.07530497611  4.90915        3.69559        0.39263        8.5003         3.11461        0.6848         11.05845       2.65155        0.79527        
145      NO_ID      1.063675446    0.2038790199   0.8338902541   7.580802495    0.1849753152   3.18544        3.05143        0.29227        4.7043         2.52392        0.43606        6.36986        2.3505         0.47158        
146      NO_ID      1.520618584    0.2122284806   0.7183415437   4.756000644    0.2143348109   3.74532        2.87662        0.37125        5.40749        2.46941        0.50419        7.64349        2.13371        0.64786        
147      NO_ID      1.149955657    0.1818169971   0.2073055081   5.238256658    0.1267513226   8.34824        4.89892        0.49751        13.33333       4.27757        0.76897        18.8172        3.78801        0.98172        
148      NO_ID      1.108727142    0.2403251321   0.5515833196   6.410595004    0.2638956886   3.3549         2.24382        0.44796        5.16796        1.95836        0.66132        7.49064        1.75023        0.88388        
149      NO_ID      1.128670686    0.2156302802   0.794000057    9.547064837    0.224212575    3.02441        2.37891        0.36471        4.56778        2.07819        0.52118        6.01912        1.9022         0.57091        
150      NO_ID      1.172334106    0.2177997053   0.3323409401   7.05038606     0.0673490797   5.12821        3.47852        0.4172         7.69868        2.92385        0.6526         10.0432        2.57966        0.76264        
151      NO_ID      1.191666238    0.1344314746   0.6138753267   5.974297909    0.2362794453   6.6762         4.11888        0.45455        9.74252        3.66369        0.60322        13.92216       3.25693        0.7756         
152      NO_ID      1.435974365    0.2442314271   0.9961397183   3.93431405     0.1454387443   2.34754        2.34532        0.28345        3.5669         1.83369        0.4518         4.51018        1.68276        0.52822        
153      NO_ID      0.8576812934   0.1316565149   0.6877935456   6.644067266    0.07743947686  5.82605        7.27935        0.21855        8.43844        5.47501        0.3591         10.42601       4.22379        0.40509        
154      NO_ID      1.219581545    0.1442274752   0.742005886    8.037390199    0.2915383352   4.84094        2.69449        0.50472        7.34908        2.38095        0.73644        9.70772        2.28609        0.7399         
155      NO_ID      1.482492435    0.151712412    0.3925959949   7.604604595    0.02062004499  6.14035        4.67712        0.3539         6.61939        2.13299        0.48724        7.21278        1.12544        0.33026        
156      NO_ID      1.24586709     0.1775848716   0.2252589974   2.081255437    0.1528246052   8.87199        4.92681        0.54439        14.0404        4.13843        0.87228        18.83469       3.31695        1.02534        
157      NO_ID      1.385510169    0.1371434903   0.2814820724   9.34318314     0.123201725    11.17788       5.71386        0.54988        17.41294       4.85263        0.8181         22.38325       4.46686        0.88368        
158      NO_ID      1.00840533     0.1477701093   0.1832954528   3.2211483      0.09162248746  11.55116       7.24427        0.47129        18.66667       5.87009        0.75605        24.34555       4.59635        0.84869        
159      NO_ID      1.327962738    0.1209214565   0.4983862641   2.773390738    0.03702062757  6.81265        3.91556        0.39988        7.16846        1.86021        0.47697        8.62709        1.03902        0.24153        
160      NO_ID      0.8376848286   0.1887138313   0.5230224153   2.208413904    0.2655104196   3.9784         3.70437        0.3607         6.69065        3.27535        0.55866        10.16703       3.03028        0.62725        
161      NO_ID      1.50446646     0.2350835407   0.6814234261   5.022688817    0.2407368523   3.39888        2.44593        0.3974         5.19553        1.96987        0.62878        7.02417        1.78949        0.71434        
162      NO_ID      1.564641968    0.2135782987   0.3172066942   4.868066495    0.166811598    6.34598        3.35854        0.53885        9.94278        2.75658        0.91933        13.84768       2.38007        1.16323        
163      NO_ID      0.9013709984   0.1939174456   0.9506881502   3.135199318    0.1349275597   3.00776        3.65846        0.23503        4.35055        2.99534        0.35679        5.50964        2.53454        0.41905        
164      NO_ID      1.45183052     0.1462463117   0.5546217327   5.713276295    0.2478382961   7.17949        3.78593        0.51702        10.72531       3.27491        0.77536        14.30769       2.85714        0.9054         
165      NO_ID      1.289086236    0.1641290309   0.3831906903   8.534866075    0.2518850611   6.5086         2.8651         0.64328        9.7629         2.53952        0.94376        13.88889       2.37336        1.1078         
166      NO_ID      1.099858471    0.2435015562   0.1091466981   8.742977333    0.1705425968   5.67766        2.63959        0.66579        8.53138        2.43515        0.87275        12.00855       2.32189        0.99541        
167      NO_ID      1.26745623     0.1583344149   0.88180179     5.501631486    0.1025218264   3.95552        5.29325        0.2035         5.65657        4.18778        0.31582        7.65027        3.21253        0.44066        
168      NO_ID      1.463061786    0.195958936    0.9255495907   7.869103468    0.03050395886  3.09587        2.95873        0.28932        3.39888        2.12999        0.36008        3.53803        1.79288        0.2866         
169      NO_ID      0.8072216755   0.2233980428   0.1351623272   8.211374514    0.191779105    4.79616        2.83294        0.5145         7.10673        2.59416        0.6727         9.94278        2.4587         0.73905        
170      NO_ID      1.375771783    0.1432781922   0.7831489649   9.757808851    0.1172701767   4.954          5.37532        0.2497         7.26563        4.38517        0.36078        9.22619        3.70651        0.43805        
171      NO_ID      1.343144893    0.2195614863   0.6869626608   4.165974007    0.1102748629   3.55067        3.00839        0.33068        5.81154        2.19172        0.62053        6.58583        2.16728        0.6345         
172      NO_ID      0.8861225459   0.2149900669   0.362410441    2.959265203    0.05703339424  4.43178        3.36321        0.38819        5.85529        2.18985        0.60445        6.64754        1.7041         0.54774        
173      NO_ID      1.589590146    0.228109058    0.2262165324   3.489182822    0.2832631921   6.51769        2.70721        0.76297        9.21916        2.3744         1.06824        14.60369       2.35564        1.32231        
174      NO_ID      0.925673789    0.1514583809   0.5291920026   7.364646712    0.2964384219   4.86111        2.68805        0.50133        7.38696        2.4536         0.68982        10.05747       2.31912        0.78009        
175      NO_ID      1.544859564    0.208186209    0.344362013    4.2920737      0.04392293336  5.9448         3.31925        0.51682        7.17949        2.30278        0.73204        8.07292        1.72846        0.6581         
176      NO_ID      1.412349084    0.1273925718   0.4213784769   6.385505855    0.2080427613   9.63649        4.66449        0.57971        14.59627       4.11544        0.82401        18.99863       3.75           0.86195        
177      NO_ID      1.232410254    0.2476455455   0.6189348205   9.082883772    0.1590382356   2.92708        2.39326        0.34681        4.44976        2.00697        0.53534        6.54097        1.67414        0.76119        
178      NO_ID      0.8689162036   0.1743730185   0.8977899739   9.895418328    0.05440066307  3.20293        4.6965         0.1872         4.29316        3.7761         0.28343        5.58214        3.13833        0.31512        
179      NO_ID      0.9642578867   0.2264720837   0.4557526245   6.96325385     0.2764307237   3.53001        2.26879        0.46756        5.43941        2.06227        0.66516        7.75386        1.93005        0.80767        
180      NO_ID      1.021511328    0.1668735294   0.7408806745   4.526954644    0.2201473177   4.65271        4.11888        0.3107         6.85267        3.40543        0.46732        9.15679        3.11038        0.52099        
181      NO_ID      1.312374732    0.2432919096   0.2620754769   6.005406375    0.1958045256   5.08351        2.68071        0.56433        7.84314        2.38375        0.832          11.39497       2.1784         1.09285        
182      NO_ID      0.9907758532   0.1533916445   0.4120991211   2.571323632    0.174396901    7.10256        5.69179        0.38176        11.57982       4.7896         0.59897        16.08796       3.99283        0.71451        
183      NO_ID      1.042516421    0.1298485119   0.290297944    8.981671604    0.08768151306  10.80247       7.47196        0.40123        16.43026       6.00202        0.64051        23.56902       4.75682        0.85868        
184      NO_ID      0.9415299256   0.2325736719   0.2415653374   3.743075814    0.07530497611  4.56175        3.4028         0.39509        7.73908        2.85773        0.68887        10.29304       2.36255        0.80077        
185      NO_ID      1.063675446    0.1819004627   0.6515657887   7.580802495    0.1849753152   4.34109        3.53259        0.34936        6.54511        3.07748        0.48762        9.09385        2.61455        0.64417        
186      NO_ID      1.520618584    0.1403994957   0.7625327599   4.756000644    0.2143348109   5.89226        4.73428        0.34265        8.45411        4.0093         0.46529        11.21872       3.41486        0.5749         
187      NO_ID      1.149955657    0.1855874061   0.589613016    5.238256658    0.1267513226   4.81865        4.04873        0.33234        7.21278        3.25424        0.53584        9.09682        3.08053        0.55938        
188      NO_ID      1.108727142    0.1360612217   0.7230842593   6.410595004    0.2638956886   5.52268        3.50283        0.43685        8.23045        3.04892        0.64292        11.09785       2.84226        0.69805        
189      NO_ID      1.128670686    0.2391291852   0.9705065594   9.547064837    0.224212575    2.30795        2.08795        0.31718        3.46192        1.77393        0.46188        4.85605        1.5509         0.56378        
190      NO_ID      1.172334106    0.1765206136   0.8541121289   7.05038606     0.0673490797   3.71104        4.37677        0.23046        5.42052        3.25991        0.38964        5.91466        2.80764        0.38945        
191      NO_ID      1.191666238    0.1804993657   0.5995310211   5.974297909    0.2362794453   4.94023        3.32568        0.43329        7.67544        2.83779        0.6568         10.69254       2.51871        0.83555        
192      NO_ID      1.435974365    0.2070244766   0.5152289968   3.93431405     0.1454387443   4.65932        3.37427        0.38925        7.12468        2.80406        0.61684        10.34738       2.31669        0.84859        
193      NO_ID      0.8576812934   0.2031902605   0.1843335423   6.644067266    0.07743947686  5.92969        4.52638        0.38117        9.56284        4.03557        0.58469        13.76598       3.70851        0.75142        
194      NO_ID      1.219581545    0.1710079862   0.8056526603   8.037390199    0.2915383352   3.97163        2.43881        0.45158        6.12423        2.13233        0.69239        8.34835        1.93988        0.86484        
195      NO_ID      1.482492435    0.1200414553   0.835922949    7.604604595    0.02062004499  3.76518        5.18854        0.17821        4.31699        1.7565         0.30409        5.06696        0.88918        0.14498        
196      NO_ID      1.24586709     0.1991878154   0.466254494    2.081255437    0.1528246052   5.37634        3.49375        0.47167        7.93103        2.85315        0.67577        9.38967        2.32896        0.71895        
197      NO_ID      1.385510169    0.1377500315   0.1555511555   9.34318314     0.123201725    14.90385       5.73539        0.72214        22.9064        5.08491        1.01313        31.41892       4.62128        1.15297        
198      NO_ID      1.00840533     0.1622045856   0.1960578006   3.2211483      0.09162248746  9.66184        6.33892        0.44896        15.87838       5.07335        0.76594        21.04072       3.87548        0.89345        
199      NO_ID      1.327962738    0.18967812     0.984616402    2.773390738    0.03702062757  2.49022        2.25305        0.2793         2.64251        1.15996        0.33624        3.01659        1.08827        0.18889        
200      NO_ID      0.8376848286   0.1232524229   0.4909178064   2.208413904    0.2655104196   8.05893        5.97967        0.3943         12.79599       5.20582        0.58124        16.9708        4.72468        0.6244         
201      NO_ID      1.50446646     0.2350835407   0.443047048    8.385146557    0.2407368523   4.18911        2.19923        0.55426        6.5721         1.91952        0.85184        9.33333        1.71158        1.10791        
202      NO_ID      1.564641968    0.2135782987   0.8117347548   8.013393885    0.166811598    3.23625        2.88796        0.31173        4.61589        2.40277        0.43892        6.44786        2.04896        0.55446        
203      NO_ID      0.9013709984   0.1939174456   0.9363816606   3.904320867    0.1349275597   3.09872        3.60022        0.24625        4.33705        3.08264        0.34677        5.71195        2.73533        0.40544        
204      NO_ID      1.45183052     0.1462463117   0.4172629985   3.10802392     0.2478382961   8.97436        4.89992        0.52511        13.2948        4.1339         0.84468        20.39474       3.60106        1.05557        
205      NO_ID      1.289086236    0.1641290309   0.3831384271   6.944787827    0.2518850611   6.89911        3.14444        0.61976        10.63022       2.80722        0.92754        14.47917       2.58845        1.06347        
206      NO_ID      1.099858471    0.2435015562   0.5288846662   4.848535084    0.1705425968   3.37675        2.60626        0.37564        5.25526        2.16656        0.60151        7.52427        1.97698        0.75736        
207      NO_ID      1.26745623     0.1583344149   0.9739962017   2.697858251    0.1025218264   4.13722        4.80346        0.23815        4.97512        3.22988        0.36449        5.87986        2.4785         0.37757        
208      NO_ID      1.463061786    0.195958936    0.2712608613   2.074720024    0.03050395886  5.32646        2.09627        0.61451        5.798          1.1735         0.65577        5.73301        0.93208        0.3299         
209      NO_ID      0.8072216755   0.2233980428   0.3568885052   2.867969733    0.191779105    3.81575        3.33625        0.34937        6.26398        2.92225        0.54056        9.15033        2.72505        0.70042        
210      NO_ID      1.375771783    0.1432781922   0.3034456942   5.463899007    0.1172701767   10.65449       6.48552        0.45436        16.78657       5.08577        0.79401        22.65372       4.37026        0.89445        
211      NO_ID      1.343144893    0.2195614863   0.5791306036   6.605205253    0.1102748629   3.70959        3.11372        0.33338        5.6699         2.52893        0.53643        7.26698        2.27298        0.62831        
212      NO_ID      0.8861225459   0.2149900669   0.9067839947   7.295017721    0.05703339424  2.50539        3.17976        0.22399        4.06114        2.22591        0.44946        4.69484        1.95782        0.45578        
213      NO_ID      1.589590146    0.228109058    0.4712932752   7.583606004    0.2832631921   4.42338        2.06879        0.62585        6.68093        1.82641        0.9158         9.5092         1.62063        1.18711        
214      NO_ID      0.925673789    0.1514583809   0.1490171238   9.620020869    0.2964384219   4.811          2.3286         0.57601        7.05615        2.12256        0.76836        9.5679         2.03285        0.83133        
215      NO_ID      1.544859564    0.208186209    0.1257690241   7.101114812    0.04392293336  9.24092        4.31924        0.61468        14.58333       3.7589         0.92792        17.61006       3.48349        0.97336        
216      NO_ID      1.412349084    0.1273925718   0.8873767006   6.138295502    0.2080427613   5.43901        4.71894        0.31407        7.75           4.05544        0.42053        10.32448       3.66288        0.46564        
217      NO_ID      1.232410254    0.2476455455   0.7690531012   8.65546461     0.1590382356   2.54453        2.37485        0.30153        3.87275        1.94607        0.4553         5.27809        1.71101        0.56257        
218      NO_ID      0.8689162036   0.1743730185   0.6843525003   2.368757419    0.05440066307  3.99202        2.96551        0.36809        4.15924        1.83835        0.41986        4.47115        1.24708        0.24811        
219      NO_ID      0.9642578867   0.2264720837   0.1119579204   4.412305786    0.2764307237   5.35238        2.82616        0.59449        8.56269        2.57032        0.80866        11.83206       2.46238        0.88214        
220      NO_ID      1.021511328    0.1668735294   0.8529780941   8.414512427    0.2201473177   3.97163        3.24238        0.34445        5.71195        2.83619        0.45945        7.58808        2.60378        0.51114        
221      NO_ID      1.312374732    0.2432919096   0.6397325369   3.565225615    0.1958045256   3.35973        2.42896        0.3954         5.19553        1.97624        0.62503        7.02417        1.81453        0.73414        
222      NO_ID      0.9907758532   0.1533916445   0.6555312138   3.665161432    0.174396901    5.45171        5.32568        0.28761        8.10185        4.43643        0.4178         11.0183        3.76998        0.51144        
223      NO_ID      1.042516421    0.1298485119   0.9175191169   9.598060238    0.08768151306  4.56911        6.90076        0.17753        6.33198        5.43239        0.26179        8.4997         4.36821        0.32767        
224      NO_ID      0.9415299256   0.2325736719   0.2355630689   6.296489161    0.07530497611  4.55285        3.41949        0.38534        7.22737        3.03131        0.59806        10.91549       2.73377        0.80887        
225      NO_ID      1.063675446    0.1819004627   0.8338902541   9.035212423    0.1849753152   3.50614        3.31711        0.30008        5.25526        2.93126        0.40213        7.57329        2.52904        0.53782        
226      NO_ID      1.520618584    0.1403994957   0.7183415437   5.646116841    0.2143348109   5.95544        4.48698        0.36272        8.70647        3.81817        0.50757        11.56716       3.33437        0.61334        
227      NO_ID      1.149955657    0.1855874061   0.2073055081   3.314558773    0.1267513226   8.20152        4.73214        0.53895        13.65878       4.11241        0.87323        18.5923        3.66993        0.99438        
228      NO_ID      1.108727142    0.1360612217   0.5515833196   7.841393227    0.2638956886   6.15894        3.14012        0.5539         9.1683         2.82808        0.74728        12.48877       2.66657        0.84883        
229      NO_ID      1.128670686    0.2391291852   0.794000057    4.08902901     0.224212575    2.77283        2.24879        0.38028        4.29363        2.0287         0.51601        5.81347        1.84233        0.6365         
230      NO_ID      1.172334106    0.1765206136   0.3323409401   5.161404535    0.0673490797   6.85267        4.98691        0.39208        10.54805       3.7825         0.67729        13.33333       2.7905         0.79995        
231      NO_ID      1.191666238    0.1804993657   0.6138753267   5.394320522    0.2362794453   4.93502        3.40959        0.42036        7.49601        2.95098        0.61245        10.60606       2.52389        0.8297         
232      NO_ID      1.435974365    0.2070244766   0.9961397183   9.938530123    0.1454387443   2.70349        3.02658        0.24765        3.86954        2.50681        0.35101        5.31874        2.10792        0.46026        
233      NO_ID      0.8576812934   0.2031902605   0.6877935456   2.533626961    0.07743947686  3.41661        3.20681        0.32461        4.82592        2.03439        0.5615         5.09158        1.53285        0.43284        
234      NO_ID      1.219581545    0.1710079862   0.742005886    5.804245148    0.2915383352   4.60678        2.90769        0.45115        6.61001        2.54647        0.62216        9.69888        2.19976        0.88578        
235      NO_ID      1.482492435    0.1200414553   0.3925959949   7.719332755    0.02062004499  7.75           5.43796        0.34143        8.3632         2.12369        0.49875        10.02155       0.9328         0.2728         
236      NO_ID      1.24586709     0.1991878154   0.2252589974   6.530095372    0.1528246052   7.23514        3.85504        0.55075        11.34146       3.40024        0.82355        16.37631       3.1002         1.03949        
237      NO_ID      1.385510169    0.1377500315   0.2814820724   4.228519869    0.123201725    11.92308       6.97342        0.49186        19.51389       5.40382        0.86417        24.77954       4.83835        0.90063        
238      NO_ID      1.00840533     0.1622045856   0.1832954528   4.660452723    0.09162248746  10.279         6.22214        0.47487        15.65657       5.37152        0.7235         22.06573       4.61031        0.87516        
239      NO_ID      1.327962738    0.18967812     0.4983862641   9.230372199    0.03702062757  4.92264        4.05502        0.34506        6.5086         2.9427         0.5191         7.33753        2.22415        0.50233        
240      NO_ID      0.8376848286   0.1232524229   0.5230224153   8.839795205    0.2655104196   5.54236        3.10837        0.49755        8.00344        2.81173        0.65038        10.94118       2.62995        0.71861        
241      NO_ID      1.50446646     0.2350835407   0.443047048    5.022688817    0.2206222813   4.45194        2.61199        0.49206        6.80717        2.12938        0.80208        9.84364        1.94225        1.06153        
242      NO_ID      1.564641968    0.2135782987   0.8117347548   4.868066495    0.1089502642   3.305          3.05151        0.29803        4.8011         2.3563         0.49337        5.66502        2.26498        0.48085        
243      NO_ID      0.9013709984   0.1939174456   0.9363816606   3.135199318    0.275869912    3.00687        2.98995        0.30657        4.77653        2.77991        0.40026        7.13558        2.40513        0.55888        
244      NO_ID      1.45183052     0.1462463117   0.4172629985   5.713276295    0.02090505704  5.72597        4.01917        0.34741        6.16469        1.90539        0.46711        6.77843        0.94302        0.25571        
245      NO_ID      1.289086236    0.1641290309   0.3831384271   8.534866075    0.1279731097   7.19406        4.75214        0.42286        11.03118       3.95036        0.65072        15             3.483          0.78553        
246      NO_ID      1.099858471    0.2435015562   0.5288846662   8.742977333    0.287374664    3.07018        1.85205        0.49949        4.71857        1.65458        0.74249        6.74374        1.54556        0.89006        
247      NO_ID      1.26745623     0.1583344149   0.9739962017   5.501631486    0.1866042246   3.83565        4.4561         0.23302        6.03708        3.56312        0.37011        7.29984        3.40041        0.37012        
248      NO_ID      1.463061786    0.195958936    0.2712608613   7.869103468    0.2425001123   6.71463        2.6737         0.74331        10.37453       2.40151        1.06522        14.69017       2.2678         1.24176        
249      NO_ID      0.8072216755   0.2233980428   0.3568885052   8.211374514    0.2144091708   3.77868        2.60749        0.44337        5.66304        2.41093        0.58751        8.12937        2.26627        0.69391        
250      NO_ID      1.375771783    0.1432781922   0.3034456942   9.757808851    0.2828176783   7.15746        2.51477        0.77557        10.66205       2.27164        1.06114        14.21268       2.15433        1.2124         
251      NO_ID      1.343144893    0.2195614863   0.5791306036   4.165974007    0.03787294412  3.4904         2.64801        0.37999        4.28571        1.76417        0.57737        4.46999        1.33219        0.40772        
252      NO_ID      0.8861225459   0.2149900669   0.9067839947   2.959265203    0.05560200501  2.48569        2.71237        0.27412        3.27715        1.5703         0.45965        3.22469        1.40518        0.28449        
253      NO_ID      1.589590146    0.228109058    0.4712932752   3.489182822    0.1773616797   4.64345        2.80797        0.47854        7.19755        2.30286        0.76218        9.47512        2.13411        0.85785        
254      NO_ID      0.925673789    0.1514583809   0.1490171238   7.364646712    0.1447384651   10.46338       5.29362        0.55106        15.76271       4.75265        0.73662        20.87087       4.3706         0.80111        
255      NO_ID      1.544859564    0.208186209    0.1257690241   4.2920737      0.08530699951  9.76039        4.19982        0.67701        15.50388       3.68791        1.03181        22.30159       3.25745        1.31048        
256      NO_ID      1.412349084    0.1273925718   0.8873767006   6.385505855    0.1518743514   5.31511        5.96376        0.24051        7.47863        5.00657        0.31513        9.92908        4.05444        0.42737        
257      NO_ID      1.232410254    0.2476455455   0.7690531012   9.082883772    0.2987961548   2.57827        1.70693        0.45012        3.92487        1.48875        0.64232        5.50314        1.33014        0.81764        
258      NO_ID      0.8689162036   0.1743730185   0.6843525003   9.895418328    0.1198472067   3.98243        4.31773        0.26193        5.99059        3.63874        0.37948        8.10185        3.11835        0.49005        
259      NO_ID      0.9642578867   0.2264720837   0.1119579204   6.96325385     0.03226498021  5.89971        4.04108        0.42281        9.35204        3.64929        0.63104        12.34403       3.39857        0.71347        
260      NO_ID      1.021511328    0.1668735294   0.8529780941   4.526954644    0.1569989932   4.00229        4.58563        0.24106        5.7962         3.81776        0.34224        7.5487         3.32282        0.41384        
261      NO_ID      1.312374732    0.2432919096   0.6397325369   6.005406375    0.1974494766   3.12779        2.45551        0.36771        4.88445        2.01319        0.57311        7.2884         1.67589        0.85969        
262      NO_ID      0.9907758532   0.1533916445   0.6555312138   2.571323632    0.2529838516   5.68413        4.75039        0.35201        8.75547        3.9881         0.52657        12.2807        3.51378        0.6183         
263      NO_ID      1.042516421    0.1298485119   0.9175191169   8.981671604    0.2072132663   4.7546         3.95082        0.32723        6.96517        3.50224        0.43464        9.02376        3.22218        0.47128        
264      NO_ID      0.9415299256   0.2325736719   0.2355630689   3.743075814    0.2292754766   4.15924        3.01918        0.46212        7.431          2.76317        0.71936        10.48689       2.65455        0.82954        
265      NO_ID      1.063675446    0.1819004627   0.8338902541   7.580802495    0.1384870798   3.4339         3.98503        0.24102        5.13245        3.26351        0.35804        6.79282        2.89114        0.42664        
266      NO_ID      1.520618584    0.1403994957   0.7183415437   4.756000644    0.04931470377  5.92217        5.45378        0.30733        6.35786        2.89893        0.43349        7.52688        2.15954        0.38747        
267      NO_ID      1.149955657    0.1855874061   0.2073055081   5.238256658    0.1938947223   7.78894        4.00263        0.57512        12.7027        3.65037        0.823          17.41573       3.40685        0.98937        
268      NO_ID      1.108727142    0.1360612217   0.5515833196   6.410595004    0.2363978268   6.57709        3.99415        0.46394        10.24799       3.52035        0.68416        14.11411       3.16029        0.81126        
269      NO_ID      1.128670686    0.2391291852   0.794000057    9.547064837    0.06866470872  2.47044        2.65533        0.25712        3.9886         2.02056        0.46665        5.36265        1.66247        0.6638         
270      NO_ID      1.172334106    0.1765206136   0.3323409401   7.05038606     0.04181351613  6.91358        4.92947        0.39741        9.11765        3.70212        0.57636        11.09795       2.62158        0.64782        
271      NO_ID      1.191666238    0.1804993657   0.6138753267   5.974297909    0.2711733591   4.75705        2.93843        0.46756        7.39567        2.53814        0.71404        10.21152       2.34248        0.85535        
272      NO_ID      1.435974365    0.2070244766   0.9961397183   3.93431405     0.09953155432  2.81974        3.21062        0.24821        4.27742        2.22429        0.45194        4.67602        2.10067        0.42562        
273      NO_ID      0.8576812934   0.2031902605   0.6877935456   6.644067266    0.09378713771  3.24751        3.68928        0.25051        5.37634        2.78769        0.47564        6.37523        2.72583        0.47291        
274      NO_ID      1.219581545    0.1710079862   0.742005886    8.037390199    0.1731677752   4.40667        3.78993        0.32269        6.45311        3.23962        0.46261        8.7242         2.83072        0.55209        
275      NO_ID      1.482492435    0.1200414553   0.3925959949   7.604604595    0.2605615841   9.3414         3.43454        0.74003        13.80671       3.09313        1.007          18.8172        2.91667        1.08168        
276      NO_ID      1.24586709     0.1991878154   0.2252589974   2.081255437    0.248435659    6.52275        3.91143        0.57675        11.19105       3.33433        0.98399        16.31455       3.11278        1.1245         
277      NO_ID      1.385510169    0.1377500315   0.2814820724   9.34318314     0.114682777    11.20415       6.01389        0.52282        17.03163       5.0487         0.78483        24.29825       4.21185        1.06384        
278      NO_ID      1.00840533     0.1622045856   0.1832954528   3.2211483      0.07365937225  10.37037       6.28445        0.48446        15.05376       4.76171        0.74694        20.17167       3.22115        0.93417        
279      NO_ID      1.327962738    0.18967812     0.4983862641   2.773390738    0.1650842365   5.77722        3.82383        0.4377         8.04498        3.32439        0.58409        10.72797       2.85714        0.69263        
280      NO_ID      0.8376848286   0.1232524229   0.5230224153   2.208413904    0.08077128247  7.58564        6.30409        0.32474        9.58248        3.5868         0.46828        11.92308       2.65939        0.44294        
