%eval_id interface radius         time_gap       strength_neighbor range_neighbor strength_geometry range_geometry desired_speed  least_sq_term_1 least_sq_term_2 least_sq_term_3 least_sq_term_4 least_sq_term_5 least_sq_term_6 least_sq_term_7 least_sq_term_8 least_sq_term_9 least_sq_term_10 least_sq_term_11 least_sq_term_12 least_sq_term_13 least_sq_term_14 least_sq_term_15 least_sq_term_16 least_sq_term_17 least_sq_term_18 least_sq_term_19 least_sq_term_20 least_sq_term_21 
1        NO_ID      0.1325621046   0.4094890493   2.760593411    0.0318136991   2.134223995    0.1521168792   1.55           -14.30888      6.3192         -5.55199       -10.29723      3.61472        -6.19449       -13.96747      4.7252         -5.84162       -14.71361      -0.57985       -6.20205       -14.53344      11.23019       -6.72787       -16.54949      9.24944        7.35097        -14.18645      8.17737        -6.61899       
2        NO_ID      0.1514023455   0.5514767713   2.994321425    0.1078001994   7.17857897     0.04829641403  1.55           5.61268        0.06767        3.1267         -5.59109       -2.12608       5.55732        7.59534        -0.50189       3.42276        -15.76836      8.1237         11.07163       -15.52766      5.35542        4.8028         -13.95277      7.87585        2.43324        -15.62224      6.89645        12.43091       
3        NO_ID      0.1442475371   1.182766815    4.73375441     0.2918236569   8.495726359    0.05841091935  1.55           -14.21916      -1.16383       3.63357        -10.28309      -5.37771       10.47631       -13.89056      -3.04243       6.41833        -14.5339       1.58012        6.50841        -15.76745      1.57816        1.70307        -14.06797      2.93724        0.07947        -15.62215      3.36615        7.86245        
4        NO_ID      0.1197674597   0.8985828691   6.951401909    0.03628253048  9.713992699    0.1133232566   1.55           -15.9696       15.62254       -9.24742       -14.36755      12.2095        -8.83445       -15.73169      15.30919       -9.38224       -16.66667      7.7804         28.11192       -16.17315      15.8418        -7.72957       -16.27123      13.79426       -8.37286       -16.5109       12.66262       -6.90242       
5        NO_ID      0.172121544    0.5949972185   3.796378304    0.2174161953   4.885838746    0.1863907834   1.55           -16.18649      8.9593         -6.06765       -14.53252      1.73888        -5.72536       -16.00666      9.23862        -6.51954       -16.66667      7.7804         34.94502       -15.87486      6.0193         -4.53904       -16.37137      6.83186        -3.58783       -16.66667      1.05494        41.07599       
6        NO_ID      0.1698323121   1.038630433    4.464843973    0.1228676475   6.208417921    0.1600436272   1.55           -16.66667      4.87542        -1.56051       -15.18827      3.98964        -9.41102       -16.51031      14.98162       -9.36266       -16.66667      7.7804         18.36746       -16.53098      10.25407       -7.48433       -16.66667      1.46315        17.93172       -16.66667      1.05494        19.51149       
7        NO_ID      0.110946651    0.7397555169   2.284425008    0.2533671601   4.334607809    0.05237197376  1.55           -15.38507      2.33677        4.35595        2.95529        -0.35881       1.2863         7.06043        -1.10024       3.58453        4.25083        -2.47061       4.16375        6.01257        0.2139         -0.79273       5.1512         0.00681        1.17019        -3.08311       2.55492        13.72927       
8        NO_ID      0.1680556366   1.119779102    8.047528264    0.376266898    2.516393163    0.1887766196   1.55           -16.66667      -10            -10            -16.66667      -10            -10            -16.66667      -10            -10            -15.76866      2.16093        6.96902        -16.66667      -10            -10            -16.66667      -10            -10            -16.66667      -10            -10            
9        NO_ID      0.1303192682   0.8171052507   5.359595984    0.09566632888  4.168324027    0.1956077642   1.55           -16.28475      17.1494        -7.54755       -11.77114      8.30829        -7.17269       -16.10851      17.93815       -8.01329       -16.66667      7.7804         25.62318       -14.38296      13.08131       -7.85848       -15.27057      13.75428       -8.02652       -16.66667      1.05494        39.69673       
10       NO_ID      0.1649669723   0.6898585295   8.394700555    0.1611285367   9.591548425    0.08680660378  1.55           -14.68402      2.75334        -3.64768       -14.88788      -2.28587       -1.24531       -14.38384      2.66597        -3.8898        -16.26655      10.95374       -5.43527       -10.89039      1.91524        -3.75627       -11.50597      3.16946        -2.14288       -12.8791       4.57396        -2.00166       
11       NO_ID      0.1565950905   0.1345689549   5.939766421    0.3657228677   3.003003894    0.07227061659  1.55           -16.55014      1.56977        10.31543       -15.77856      -0.54729       -4.69695       -15.78336      2.20581        -1.04458       -14.5339       -0.2843        12.0746        -12.77007      -1.98156       5.06648        -8.35176       -3.46767       14.22818       -9.14612       -3.03395       14.49322       
12       NO_ID      0.1465622871   0.1436425301   7.369482469    0.2010635818   7.408212856    0.1452568928   1.55           -15.61527      4.98077        0.10905        -11.37827      -0.47533       8.80076        -15.46081      5.46415        -0.05253       -16.66667      7.7804         53.79018       -13.48945      2.83984        -1.00379       -14.81468      4.75562        -2.18244       -16.45581      6.73211        0.82484        
13       NO_ID      0.1120191976   0.9699493116   9.26732272     0.1418913615   8.828228727    0.1083481736   1.55           -14.56211      3.76258        -3.86478       -10.311        2.28627        -4.62999       -14.24724      3.97149        -4.5043        -15.63938      6.52378        -2.1674        -10.16178      3.7579         -4.58599       -9.72012       3.37666        -2.55785       -10.76095      3.38757        -2.126         
14       NO_ID      0.1414811943   0.5156364853   1.308644303    0.05966588757  1.594531773    0.1314010989   1.55           -13.98067      1.13226        2.44776        -10.28205      -2.352         4.08911        -14.57478      2.19741        -0.22483       -14.2947       1.04917        -2.29349       -11.56428      4.14936        -3.40241       -11.97408      3.98632        0.8799         -14.91877      10.27731       -0.82915       
15       NO_ID      0.1030148003   0.225877508    9.615088285    0.07016902409  6.582477484    0.1385166742   1.55           -15.24646      10.20811       -3.43036       -11.03095      6.35927        -0.0769        -15.12216      11.29889       -3.83392       -16.66667      7.7804         54.95831       -12.13715      6.37802        -6.4297        -11.48855      5.35686        -3.9185        -12.86047      6.21173        -4.70987       
16       NO_ID      0.1747380282   0.6604428941   5.685677349    0.07431576435  0.8273819759   0.03962288484  1.55           -16.31714      2.92789        2.73175        1.24739        -2.31563       2.55775        5.2964         -1.51545       4.05868        1.97691        -0.40003       1.46732        -5.53553       2.88356        -1.41856       -13.89503      6.50375        0.51329        5.48406        0.28445        -0.54896       
17       NO_ID      0.1153249626   0.3473459974   9.892983292    0.1430183079   0.9327060315   0.08024635851  1.55           -16.66667      -10            -10            -16.66667      -10            -10            -16.66667      -10            -10            13.49291       -1.90958       11.05877       -16.66667      -10            -10            -16.66667      -10            -10            -16.66667      -10            -10            
18       NO_ID      0.1573735465   0.1893391111   4.163942049    0.3176849363   6.639104498    0.06968095071  1.55           -15.20982      2.79796        8.77642        -16.55565      -2.62998       34.74121       -13.89056      0.64253        5.70171        -14.64615      0.56987        11.1516        -12.29049      -0.0347        5.36368        -16.43566      2.77266        32.86631       -9.28539       -1.73025       13.30231       
19       NO_ID      0.1793267789   0.4741443863   8.797567084    0.2476044484   3.6838241      0.02485167389  1.55           -14.80221      1.04591        -1.21626       -15.2235       -0.72653       -4.66672       -14.64768      1.08583        -0.60149       -14.5339       1.07338        10.7024        -12.77007      -0.53991       6.82503        -8.34897       -2.24034       9.16911        -9.14612       -1.65683       10.2903        
20       NO_ID      0.1227984143   0.273416376    4.864514208    0.2708669218   4.976919441    0.1530774984   1.55           -14.68535      3.06127        4.84985        -10.44861      -0.26411       7.60649        -14.39302      2.8337         4.52289        -16.10239      9.86724        0.716          -10.67191      1.13901        1.82366        -10.43049      0.91271        4.21437        -11.65129      1.75028        4.31471        
21       NO_ID      0.1006342662   0.9577443578   1.703418994    0.3363632989   1.392920624    0.1047017584   1.55           3.56949        -0.81402       2.38422        1.75751        -0.50083       0.69864        -4.38946       -0.22618       2.99869        2.72109        -2.43032       3.6424         5.47965        -0.66146       -1.55649       4.80576        -0.83646       1.87758        -0.41907       -0.68977       2.33161        
22       NO_ID      0.1618555968   0.3011073177   1.350533509    0.3197457057   9.055082236    0.03609144621  1.55           -16.20047      4.049          8.6573         -16.00056      -2.72181       15.94858       13.95664       0.45789        4.59063        -16.21766      9.97589        34.81636       -13.90908      5.79116        1.46865        -16.20457      4.6779         36.4997        -13.04566      3.67164        16.29091       
23       NO_ID      0.1242526034   0.4389880963   2.293527109    0.2795067292   7.976333422    0.1225308911   1.55           -14.90785      5.98325        -3.9247        -10.61808      2.23768        -2.26838       -14.6265       6.49666        -4.62829       -16.52755      12.62959       -4.83014       -15.58444      6.56027        0.61175        -11.2188       3.36376        -1.79299       -13.58415      4.89641        -3.24615       
24       NO_ID      0.1364740225   1.049363362    3.470151445    0.1716911974   5.559641224    0.02245731042  1.55           1.7643         -0.89307       2.83155        0.61365        -1.54109       1.40387        3.50323        -2.10655       4.07655        1.45775        -1.42147       3.26147        -14.80829      5.04194        0.68672        -15.28085      5.45019        7.19058        -16.03995      4.23652        15.69808       
25       NO_ID      0.1519649178   0.8789003456   7.634219876    0.193900655    7.768926937    0.1785812658   1.55           -16.66667      4.87542        2.70322        -12.88841      2.13911        -6.09555       -16.66667      3.32353        9.19255        -16.66667      7.7804         29.61341       -16.54172      4.54138        -5.14945       -16.66667      1.24687        26.88385       -16.66667      1.05494        36.78632       
26       NO_ID      0.1259709172   0.7715249764   6.686370742    0.3872728711   3.429852997    0.1715772513   1.55           -14.33571      -0.72057       2.9358         -16.66667      -10            -10            -14.01675      -0.91773       1.93691        -15.2074       1.43212        8.3672         -16.66667      -10            -10            -9.39112       -2.80513       9.29825        -10.39955      -2.25329       9.72865        
27       NO_ID      0.1381546801   1.159297271    8.388236415    0.2318323922   2.727777821    0.01034704045  1.55           -15.73444      3.82517        -5.46202       -14.94587      -0.45086       -3.90591       -15.53099      3.76583        -6.21422       -14.81452      3.42554        6.84235        -12.35044      1.56704        -1.73962       -8.64047       -0.58225       3.54906        -9.14612       -0.74174       4.71334        
28       NO_ID      0.1082020923   0.6394663646   6.143384983    0.3472268732   5.839106754    0.09576381284  1.55           -14.21916      0.11687        3.34388        -10.06107      -2.88895       5.00548        -13.89056      -0.08544       3.01834        -14.5339       0.08443        9.90174        -8.99338       -2.44228       4.57425        -8.35176       -2.37975       9.3656         -9.14612       -2.00436       11.46944       
29       NO_ID      0.1105898491   0.3180384088   2.660493827    0.2730727023   1.757544582    0.1365363512   1.55           -13.98606      1.26738        6.78682        -16.66667      -10            -10            -13.63819      1.20513        5.39126        -14.30939      -1.04024       9.15146        -8.75359       -0.00406       2.13621        -8.12079       -0.19068       5.79265        -8.86758       -0.23405       7.00767        
30       NO_ID      0.1113580247   0.8325788752   1.487654321    0.1224279835   1.718449931    0.08988340192  1.55           -15.9091       2.9597         5.17074        -16.00056      -2.5926        8.7848         -5.64897       0.69765        2.55056        1.74875        -2.73195       -0.7263        4.13135        -0.5664        -4.35173       -10.14177      2.0033         -3.69937       -2.78338       1.81043        -0.42332       
