%eval_id interface desired_speed  radius         time_gap       strength_neighbor range_neighbor flow_2.4       density_2.4    speed_2.4      flow_3.6       density_3.6    speed_3.6      flow_5.0       density_5.0    speed_5.0      
1        NO_ID      1.077926815    0.229456448    0.1014329448   2.880065686    0.1095571068   6.6762         3.46301        0.66378        9.46128        3.12356        0.84285        15.4485        3.1179         0.99074        
2        NO_ID      0.8036053939   0.2222609445   0.4930669178   3.761313358    0.1893511266   3.44149        3.21047        0.32149        5.51615        2.71273        0.52775        7.90671        2.51065        0.67499        
3        NO_ID      0.9344986785   0.1613163593   0.3877772752   7.994770044    0.2619780277   5.36952        2.85858        0.53716        8.04598        2.59036        0.73117        10.96698       2.47101        0.81939        
4        NO_ID      1.214599289    0.167448516    0.6342378821   5.328442972    0.2517504785   5.27211        3.50975        0.42185        7.99087        3.00702        0.6293         10.78886       2.71247        0.72983        
5        NO_ID      1.242174721    0.1224666837   0.8497023131   7.722326398    0.08586535083  5.27307        7.54757        0.18932        7.36067        5.80624        0.28461        9.82456        4.37613        0.37789        
6        NO_ID      0.9038823124   0.2064567082   0.546029563    2.700354521    0.2125918131   3.92487        3.47539        0.32239        5.97525        3.01539        0.51273        9.15033        2.70198        0.64521        
7        NO_ID      1.14185625     0.2205845828   0.6684228347   5.791488811    0.1272344668   3.32384        3.04067        0.30358        5.16224        2.48402        0.49426        6.46353        2.28957        0.5556         
8        NO_ID      1.482334745    0.1434130305   0.5176409209   4.962193315    0.1788724632   7.63547        5.2945         0.39839        11.01961       4.49405        0.53588        14.71519       3.9573         0.62283        
9        NO_ID      1.519771582    0.1520580138   0.5736403088   3.474383267    0.2462320917   6.60066        4.50439        0.43823        10.90196       3.70599        0.67875        14.13374       3.26082        0.73486        
10       NO_ID      1.47940142     0.1942559318   0.4597357778   8.815000399    0.1238312619   5.41377        3.66744        0.40494        8.11594        3.06517        0.61977        10.93997       2.75371        0.72404        
11       NO_ID      1.138836133    0.1703200953   0.5638604137   9.751929893    0.2900289098   4.36954        2.25879        0.56002        6.61001        2.02364        0.80136        9.04393        1.9256         0.89203        
12       NO_ID      0.9585256592   0.1863054486   0.153203852    2.586580926    0.04399823221  8.01615        4.42142        0.52664        10.32448       3.06094        0.71281        13.25758       2.05737        0.70195        
13       NO_ID      1.580502985    0.1310854649   0.2232201963   7.054954764    0.2330657144   12.28776       3.85886        0.86117        18.15245       3.43147        1.17432        25.22523       3.22293        1.33895        
14       NO_ID      1.526327346    0.1405360961   0.6437983892   3.144113107    0.1161829116   6.55929        6.27248        0.29237        8.59519        4.88139        0.39976        11.19221       3.37422        0.56615        
15       NO_ID      1.234275239    0.2353267662   0.3682866217   6.547650524    0.2850222868   4.17415        2.19747        0.57771        6.47249        1.97467        0.82443        9.33333        1.85094        1.02093        
16       NO_ID      1.297878083    0.1527728477   0.2815836085   8.658092287    0.02972505944  9.4086         6.20293        0.42564        11.32686       3.81399        0.6134         13.72549       2.32928        0.69743        
17       NO_ID      1.177015902    0.1368665338   0.9988999288   3.83171395     0.1034682319   4.1225         6.61786        0.17435        6.22222        4.65689        0.29944        7.80201        3.10032        0.40556        
18       NO_ID      1.024514254    0.204167405    0.7294855739   6.066774884    0.2073734257   3.4188         3.1165         0.31631        5.24726        2.61009        0.47675        7.42812        2.28127        0.62065        
19       NO_ID      1.270357971    0.2416382446   0.9707761961   7.266872831    0.02316931418  1.94363        1.93656        0.27478        2.28983        1.06171        0.38356        2.24791        1.23994        0.22617        
20       NO_ID      1.197794164    0.1341200296   0.4778339811   8.073134034    0.06493064403  7.89622        7.17694        0.29838        11.52263       5.17021        0.51049        14.14141       4.0246         0.58774        
21       NO_ID      0.821366137    0.1777957549   0.8204664921   9.022104697    0.2232584687   3.37919        2.93764        0.33587        5.19673        2.58084        0.4941         7.43671        2.29548        0.62768        
22       NO_ID      1.116523627    0.2315986757   0.8198627907   6.256896018    0.1963741306   2.86123        2.56631        0.31676        4.20434        2.1256         0.47107        5.98622        1.85276        0.62493        
23       NO_ID      0.8732944064   0.1291593949   0.9167489202   4.210885523    0.2183385803   5.124          5.37276        0.27218        7.65027        4.4184         0.40694        9.88701        4.00143        0.40662        
24       NO_ID      1.351753317    0.1562542209   0.4077444428   5.445613072    0.05317966062  8.04398        5.42801        0.42341        10.10101       3.92201        0.5667         12.0155        2.89902        0.6291         
25       NO_ID      1.440409672    0.2377795927   0.7674734805   5.008038623    0.03835983806  2.74348        2.2654         0.34768        3.4138         1.3992         0.55819        3.5834         1.34867        0.3878         
26       NO_ID      1.394736724    0.1721809395   0.191575513    3.271687586    0.1846075798   10.6198        4.97132        0.6544         16.60693       4.43814        0.92945        24.60317       3.93797        1.212          
27       NO_ID      1.563158246    0.2480442445   0.7764149715   8.217916953    0.152127062    2.66476        2.33575        0.3177         4.1369         1.87715        0.51348        5.6699         1.63133        0.63461        
28       NO_ID      1.555562064    0.2079745516   0.8823373314   7.419232676    0.2979799982   3.29087        2.15953        0.42978        4.87288        1.83277        0.62392        6.64767        1.6775         0.72318        
29       NO_ID      0.8892643706   0.1961880356   0.3026349929   9.203868673    0.1391695213   5.28501        3.72717        0.41641        8.1861         3.39569        0.59592        11.69591       3.07723        0.74599        
30       NO_ID      0.8403895048   0.190269167    0.9052528818   6.989966662    0.1688043027   2.90807        3.62801        0.23108        4.811          2.90937        0.38799        6.34058        2.62091        0.44105        
31       NO_ID      1.315707774    0.2003330098   0.4353715071   5.891482336    0.07176985313  5.29701        3.71234        0.40512        8.04598        2.87589        0.67816        9.47981        2.61563        0.69847        
32       NO_ID      1.089747432    0.2460884162   0.2583312114   4.530522948    0.07857332335  4.37695        2.96735        0.43068        6.96517        2.6006         0.656          9.62733        2.24653        0.86972        
33       NO_ID      1.363301732    0.1818959407   0.6031333796   6.745757957    0.09118320165  4.62963        4.2712         0.30035        6.46211        3.48165        0.45098        8.42359        3.08752        0.52555        
34       NO_ID      1.009708542    0.2127952474   0.9373330806   4.730156119    0.1590304503   2.69594        3.14067        0.24273        4.02299        2.51953        0.37932        5.60936        2.21368        0.47264        
35       NO_ID      1.433450205    0.1647681995   0.6948154209   9.427910197    0.137139491    4.5977         4.33967        0.29164        7.2093         3.51421        0.44265        9.3108         3.08815        0.52275        
36       NO_ID      1.41264668     0.1800593412   0.74648857     2.146933545    0.2664650292   4.31755        3.73559        0.34904        6.64767        3.10481        0.50772        9.19655        2.70023        0.64272        
37       NO_ID      1.337143085    0.2272066883   0.3315309324   4.15289822     0.2766108464   4.98927        2.62632        0.60005        8.20152        2.33803        0.89635        11.67914       2.17617        1.10444        
38       NO_ID      0.9684040721   0.146362899    0.1719142245   9.922252492    0.1645363951   9.27767        4.2889         0.60431        13.64522       3.8661         0.79429        18.46667       3.65467        0.86873        
39       NO_ID      0.9821035031   0.1262441559   0.2421857735   2.266948068    0.05884289496  11.90476       5.64704        0.54707        14.74973       3.16481        0.75904        18.50394       2.35574        0.58279        
40       NO_ID      1.040255616    0.2158958825   0.1234675795   8.492308059    0.2411610095   5.21999        2.37191        0.66541        7.95003        2.18993        0.87488        10.82555       2.07501        0.94105        
41       NO_ID      0.9631722699   0.1738595288   0.2488826263   8.276174094    0.2695411385   5.39499        2.56887        0.59307        7.88136        2.34953        0.82095        10.87801       2.25042        0.86557        
42       NO_ID      0.9327345289   0.1392024558   0.6252894036   2.180028007    0.08511711872  6.28084        5.35834        0.33803        7.29491        3.1132         0.4721         8.62709        2.16964        0.45886        
43       NO_ID      1.111993002    0.1764665906   0.7847157325   8.662929424    0.02041474132  3.00582        3.50072        0.23455        3.626          1.78752        0.36836        3.70813        1.23748        0.22074        
44       NO_ID      1.395865641    0.143476825    0.2642648742   5.798732937    0.03819127669  11.67086       6.36217        0.51724        13.60544       3.81281        0.72418        16.7264        2.06952        0.79682        
45       NO_ID      1.248408666    0.239379283    0.7029328279   8.063297837    0.05232747556  2.80786        2.60824        0.30684        4.39509        1.95029        0.55054        4.67541        1.83324        0.50132        
46       NO_ID      1.485054564    0.1638540517   0.80978017     5.362305018    0.1672313109   4.55729        4.47491        0.27926        6.54511        3.73599        0.39492        8.71069        3.07136        0.51664        
47       NO_ID      1.518056737    0.2443079926   0.1149652584   5.906448035    0.1591078594   7.10299        2.96705        0.74338        11.46601       2.73722        1.05445        16.54846       2.59465        1.27395        
48       NO_ID      1.579314164    0.1500114377   0.5229250629   7.623862789    0.1378825297   6.91358        5.09325        0.36833        10.60606       4.18408        0.55849        13.59649       3.58288        0.65824        
49       NO_ID      1.001278629    0.2138290746   0.6438349556   4.771974236    0.2886423936   3.54529        2.65075        0.38999        5.40698        2.32184        0.58046        7.99204        2.09875        0.73461        
50       NO_ID      1.40116118     0.2182413789   0.4024169646   4.56258139     0.1115079847   5.07798        3.26825        0.4407         7.83982        2.60678        0.74028        10.07919       2.41649        0.82721        
51       NO_ID      0.8100306977   0.2250726116   0.1395750273   7.235958872    0.1816275872   5.00538        3.07047        0.50192        7.53904        2.84361        0.65831        10.52036       2.67897        0.71121        
52       NO_ID      1.361080847    0.2157047155   0.3158473568   7.51138422     0.2238689204   5.55556        2.67454        0.60353        8.57843        2.39777        0.88222        12.2134        2.21447        1.11406        
53       NO_ID      1.048725917    0.1424153001   0.1772648214   3.855655313    0.02848050823  11.00629       5.44412        0.53425        12.63587       2.88569        0.70294        15.92211       1.8591         0.54482        
54       NO_ID      1.293086654    0.1282281997   0.4431332848   6.118004126    0.1995720158   9.07623        4.96995        0.50461        14.62905       4.24721        0.82287        19.62025       3.84229        0.89002        
55       NO_ID      1.072074531    0.1204961756   0.4899358474   9.772246385    0.2376745599   6.82261        3.40876        0.55332        10.21152       3.06535        0.78083        13.83085       2.91188        0.83891        
56       NO_ID      1.451428052    0.2281404753   0.5788904858   6.517283817    0.2511958342   3.75738        2.39125        0.45441        6.03896        2.0164         0.72367        8.31848        1.77364        0.92562        
57       NO_ID      1.550887744    0.1897791901   0.9308383459   4.190015605    0.0984637021   3.41131        3.68895        0.2569         4.75221        2.90183        0.38867        5.50314        2.40325        0.4069         
58       NO_ID      1.158052949    0.2368388366   0.4214773397   8.917127864    0.04566923866  3.79282        2.91914        0.3672         5.79892        2.39241        0.61267        6.46211        2.38336        0.54127        
59       NO_ID      0.8205546531   0.1949440891   0.7517118153   9.395157127    0.2069947649   3.20557        2.86337        0.3352         4.84817        2.46048        0.48201        7.0376         2.22494        0.6477         
60       NO_ID      1.344437542    0.243119772    0.2037363281   3.434669005    0.2179203067   5.50948        2.65913        0.69435        8.83838        2.54051        0.96868        13.14554       2.37861        1.16756        
61       NO_ID      1.475450755    0.1839215558   0.5714500034   4.296829576    0.2591811258   5.39499        3.38873        0.46163        8.20152        2.90132        0.65634        11.05845       2.60765        0.77001        
62       NO_ID      0.9013089316   0.1549986294   0.8345874354   2.66216755     0.2809589975   4.31699        4.28984        0.3061         7.04545        3.63032        0.47758        9.5092         3.21902        0.53735        
63       NO_ID      1.267039432    0.1573176736   0.233593844    2.298912727    0.1429373932   11.17788       5.95795        0.55262        16.54888       4.97233        0.83427        22.60163       3.78641        1.0317         
64       NO_ID      0.9937587249   0.209101381    0.9950250977   2.996484597    0.06035194031  2.69594        2.68641        0.28754        2.9838         1.95949        0.36227        3.40909        1.22645        0.30949        
65       NO_ID      1.031366117    0.2498073042   0.4797448371   3.167857682    0.1185190989   3.24525        2.58935        0.36802        5.24345        2.13604        0.63507        6.74891        1.97981        0.67547        
66       NO_ID      1.207259174    0.1693602386   0.3449714294   6.335669912    0.2357782816   6.98366        3.45247        0.574          10.87801       3.07932        0.85593        15.19608       2.84318        1.03422        
67       NO_ID      1.424593674    0.2050423647   0.714808132    4.990641731    0.1780562551   3.75436        3.21988        0.32399        6.14844        2.5094         0.5718         7.64002        2.38018        0.56241        
68       NO_ID      1.131737719    0.1600551328   0.5419656835   3.32154317     0.09688925458  5.83333        5.39593        0.30843        8.24499        3.95377        0.49419        10.82555       3.10689        0.595          
69       NO_ID      1.190620588    0.1946983662   0.9041855191   9.835042974    0.1479032962   3.08438        3.31301        0.25902        4.56175        2.756          0.3768         6.43154        2.28764        0.50707        
70       NO_ID      0.9514931189   0.2025997494   0.9437988201   6.621038812    0.2495533575   2.87179        2.71602        0.30965        4.30556        2.30342        0.4563         6.01552        2.14401        0.50745        
71       NO_ID      0.8543676236   0.1343247935   0.1564733887   7.151056727    0.07476076066  12.98343       8.31464        0.43048        19.5258        7.06027        0.63306        26.51515       5.91505        0.72889        
72       NO_ID      1.237227854    0.1484037392   0.5974190051   2.501298659    0.1918373634   6.53595        5.48776        0.33856        10.62691       4.17906        0.59711        12.99907       3.86458        0.61809        
73       NO_ID      0.8684531995   0.1309833659   0.36071727     6.994470285    0.2136992474   7.73908        4.307          0.49648        11.57982       3.86625        0.67432        15.70621       3.63658        0.75025        
74       NO_ID      1.090486817    0.2315325962   0.6704673091   5.023042404    0.1644117273   3.19368        2.71926        0.3369         4.9435         2.25246        0.53988        6.31793        2.05345        0.6212         
75       NO_ID      1.582864453    0.125276364    0.7711419289   8.405590252    0.0808541506   5.67721        7.34096        0.20947        8.01833        5.65425        0.32309        10.54805       4.38724        0.40681        
76       NO_ID      1.336334218    0.1801126197   0.8429133227   3.620700136    0.2758746527   3.92487        3.33313        0.34011        5.89226        2.84386        0.49325        8.57843        2.49083        0.63267        
77       NO_ID      0.8902714166   0.1985610304   0.8761144906   5.467737693    0.1276343258   2.83172        3.63651        0.2197         4.56621        2.91492        0.38171        5.68366        2.77879        0.39007        
78       NO_ID      1.528366728    0.1660175569   0.2865334955   9.178100923    0.2946869507   6.7243         2.29856        0.84384        10.29963       2.07479        1.16502        14.30769       1.96045        1.35129        
79       NO_ID      1.302812518    0.2208274794   0.9628592732   9.598755293    0.1106277258   2.47569        2.87873        0.23641        3.51406        2.38807        0.33908        4.78632        2.06126        0.43298        
80       NO_ID      1.162159496    0.1867036817   0.3895188707   7.90342888     0.06299826389  5.74074        4.44161        0.36653        8.34824        3.58227        0.58677        10.70336       3.11213        0.66702        
81       NO_ID      1.077926815    0.1738595288   0.2488826263   8.276174094    0.2695411385   5.92217        2.57718        0.64656        8.85515        2.35965        0.87393        12.00855       2.24059        0.96662        
82       NO_ID      0.8036053939   0.1392024558   0.6252894036   2.180028007    0.08511711872  5.87741        5.56222        0.30019        7.15746        3.24519        0.44296        8.20106        2.16141        0.425          
83       NO_ID      0.9344986785   0.1764665906   0.7847157325   8.662929424    0.02041474132  3.1784         3.3437         0.25219        3.4163         1.74757        0.351          3.43137        1.26391        0.20364        
84       NO_ID      1.214599289    0.143476825    0.2642648742   5.798732937    0.03819127669  10.78886       6.75885        0.4491         13.0455        3.96726        0.67111        16.787         2.46917        0.66738        
85       NO_ID      1.242174721    0.239379283    0.7029328279   8.063297837    0.05232747556  2.76789        2.62342        0.29668        4.46144        1.93512        0.54147        4.81135        1.8976         0.5138         
86       NO_ID      0.9038823124   0.1638540517   0.80978017     5.362305018    0.1672313109   4.20054        4.55212        0.25986        6.22222        3.76355        0.39013        8.17166        3.29791        0.46798        
87       NO_ID      1.14185625     0.2443079926   0.1149652584   5.906448035    0.1591078594   5.87002        3.08125        0.60205        9.4086         2.84241        0.83364        13.30492       2.72966        0.98698        
88       NO_ID      1.482334745    0.1500114377   0.5229250629   7.623862789    0.1378825297   6.89911        5.18254        0.36485        10.27047       4.25055        0.53584        13.49903       3.60683        0.66751        
89       NO_ID      1.519771582    0.2138290746   0.6438349556   4.771974236    0.2886423936   4.05797        2.6024         0.44834        6.31484        2.1694         0.69267        8.88889        1.98466        0.82659        
90       NO_ID      1.47940142     0.2182413789   0.4024169646   4.56258139     0.1115079847   5.10576        3.23517        0.45477        8.05797        2.56138        0.77356        10.97946       2.08587        1.00088        
91       NO_ID      1.138836133    0.2250726116   0.1395750273   7.235958872    0.1816275872   6.50463        3.02927        0.64674        9.88701        2.78805        0.86643        13.80671       2.6654         0.99262        
92       NO_ID      0.9585256592   0.2157047155   0.3158473568   7.51138422     0.2238689204   4.57068        2.72173        0.50428        7.16487        2.47747        0.72196        9.81013        2.35789        0.80714        
93       NO_ID      1.580502985    0.1424153001   0.1772648214   3.855655313    0.02848050823  12.8453        4.80028        0.66596        13.25758       2.54249        0.77045        16.787         1.40802        0.59152        
94       NO_ID      1.526327346    0.1282281997   0.4431332848   6.118004126    0.1995720158   9.36444        4.93891        0.52834        15.0641        4.16648        0.84067        19.38633       3.74182        0.91774        
95       NO_ID      1.234275239    0.1204961756   0.4899358474   9.772246385    0.2376745599   7.33753        3.40687        0.59395        10.87801       3.03862        0.80549        14.44099       2.86765        0.86994        
96       NO_ID      1.297878083    0.2281404753   0.5788904858   6.517283817    0.2511958342   3.72454        2.40749        0.45496        5.70552        2.0562         0.69254        8.13008        1.7882         0.91478        
97       NO_ID      1.177015902    0.1897791901   0.9308383459   4.190015605    0.0984637021   3.23176        3.74567        0.24035        4.9435         2.73262        0.43266        5.63607        2.55234        0.41925        
98       NO_ID      1.024514254    0.2368388366   0.4214773397   8.917127864    0.04566923866  3.44913        3.0489         0.32043        5.56896        2.40598        0.57962        6.62852        2.28061        0.57286        
99       NO_ID      1.270357971    0.1949440891   0.7517118153   9.395157127    0.2069947649   3.76041        2.76743        0.37963        5.47089        2.42723        0.52586        7.45754        2.22292        0.57869        
100      NO_ID      1.197794164    0.243119772    0.2037363281   3.434669005    0.2179203067   5.02332        2.87961        0.55919        8.13149        2.57001        0.89313        12.45614       2.45219        1.07242        
101      NO_ID      0.821366137    0.1839215558   0.5714500034   4.296829576    0.2591811258   4.38596        3.49262        0.3698         6.79282        3.0801         0.5605         9.55782        2.82878        0.67505        
102      NO_ID      1.116523627    0.1549986294   0.8345874354   2.66216755     0.2809589975   4.84817        4.24915        0.32643        7.23173        3.57919        0.46007        9.85011        3.15934        0.55804        
103      NO_ID      0.8732944064   0.1573176736   0.233593844    2.298912727    0.1429373932   8.65801        6.23446        0.42516        14.27115       5.18293        0.70569        19.28375       4.40697        0.7694         
104      NO_ID      1.351753317    0.209101381    0.9950250977   2.996484597    0.06035194031  2.82503        2.52559        0.3222         3.03227        1.92324        0.39164        3.48054        1.42029        0.3238         
105      NO_ID      1.440409672    0.2498073042   0.4797448371   3.167857682    0.1185190989   3.80642        2.4754         0.44328        6.30081        1.87778        0.81451        7.76294        1.55208        0.91523        
106      NO_ID      1.394736724    0.1693602386   0.3449714294   6.335669912    0.2357782816   7.72827        3.44316        0.63603        11.90476       3.00482        0.95217        16.31702       2.79368        1.08769        
107      NO_ID      1.563158246    0.2050423647   0.714808132    4.990641731    0.1780562551   3.75738        3.23425        0.32211        5.68413        2.62774        0.50453        7.46667        2.38019        0.56476        
108      NO_ID      1.555562064    0.1600551328   0.5419656835   3.32154317     0.09688925458  6.75806        4.98611        0.3838         8.56354        3.70011        0.54916        10.65449       2.77864        0.61772        
109      NO_ID      0.8892643706   0.1946983662   0.9041855191   9.835042974    0.1479032962   2.90758        3.33993        0.24686        4.21179        2.8478         0.35175        5.85129        2.55945        0.42278        
110      NO_ID      0.8403895048   0.2025997494   0.9437988201   6.621038812    0.2495533575   2.72109        2.72915        0.2836         4.16667        2.36156        0.44441        6.08049        2.08154        0.54896        
111      NO_ID      1.315707774    0.1343247935   0.1564733887   7.151056727    0.07476076066  15.97701       7.99092        0.56165        25.36232       6.45946        0.89077        33.69565       5.52929        1.00801        
112      NO_ID      1.089747432    0.1484037392   0.5974190051   2.501298659    0.1918373634   6.55509        5.55039        0.33695        9.95717        4.38187        0.53801        13.18052       3.70408        0.63799        
113      NO_ID      1.363301732    0.1309833659   0.36071727     6.994470285    0.2136992474   9.92148        4.26664        0.63953        14.76793       3.75113        0.91599        20.2329        3.45109        1.07975        
114      NO_ID      1.009708542    0.2315325962   0.6704673091   5.023042404    0.1644117273   3.09381        2.77593        0.31946        4.63423        2.29521        0.50038        6.36653        2.12047        0.58023        
115      NO_ID      1.433450205    0.125276364    0.7711419289   8.405590252    0.0808541506   5.81154        7.31299        0.21487        7.93651        5.70913        0.30635        10.60606       4.24482        0.42551        
116      NO_ID      1.41264668     0.1801126197   0.8429133227   3.620700136    0.2758746527   4.34513        3.39219        0.35502        6.1082         2.79085        0.51258        8.66044        2.45536        0.62275        
117      NO_ID      1.337143085    0.1985610304   0.8761144906   5.467737693    0.1276343258   3.23176        3.48097        0.25564        4.43702        2.88234        0.37172        5.87986        2.53961        0.44787        
118      NO_ID      0.9684040721   0.1660175569   0.2865334955   9.178100923    0.2946869507   4.74737        2.29584        0.60231        7.0922         2.08514        0.80287        9.64187        1.98527        0.87452        
119      NO_ID      0.9821035031   0.2208274794   0.9628592732   9.598755293    0.1106277258   2.39931        2.891          0.23165        3.77562        2.26903        0.38391        4.63521        2.16005        0.39902        
120      NO_ID      1.040255616    0.1867036817   0.3895188707   7.90342888     0.06299826389  5.50314        4.48679        0.34677        8.74214        3.46852        0.61321        11.43791       2.84012        0.72771        
121      NO_ID      0.9631722699   0.229456448    0.2488826263   8.276174094    0.2695411385   4.05093        2.11374        0.58886        6              1.93253        0.7939         8.45411        1.83706        0.87821        
122      NO_ID      0.9327345289   0.2222609445   0.6252894036   2.180028007    0.08511711872  3.18161        2.67639        0.35098        4.23857        1.79236        0.55338        4.57839        1.42258        0.45681        
123      NO_ID      1.111993002    0.1613163593   0.7847157325   8.662929424    0.02041474132  3.42131        3.21049        0.26581        3.55777        2.04797        0.29295        4.02597        1.22158        0.18933        
124      NO_ID      1.395865641    0.167448516    0.2642648742   5.798732937    0.03819127669  9.48509        5.12025        0.52587        11.40994       3.25174        0.74064        13.52657       2.58516        0.74148        
125      NO_ID      1.248408666    0.1224666837   0.7029328279   8.063297837    0.05232747556  6.69536        7.84793        0.22931        8.59423        4.97275        0.37724        10.24229       3.30063        0.42031        
126      NO_ID      1.485054564    0.2064567082   0.80978017     5.362305018    0.1672313109   3.30267        3.19673        0.28654        4.96642        2.58739        0.44652        6.64286        2.30767        0.53097        
127      NO_ID      1.518056737    0.2205845828   0.1149652584   5.906448035    0.1591078594   8.64198        3.48693        0.75211        13.66765       3.14443        1.07907        19.62025       2.93667        1.29493        
128      NO_ID      1.579314164    0.1434130305   0.5229250629   7.623862789    0.1378825297   7.33333        5.44072        0.37076        10.72797       4.38114        0.53475        14.00602       3.85028        0.62155        
129      NO_ID      1.001278629    0.1520580138   0.6438349556   4.771974236    0.2886423936   5.44535        3.47257        0.44028        8.25959        3.05559        0.64579        11.21872       2.81617        0.74309        
130      NO_ID      1.40116118     0.1942559318   0.4024169646   4.56258139     0.1115079847   6.10604        3.92601        0.44405        9.35614        3.18811        0.72664        11.59601       2.91933        0.77245        
131      NO_ID      0.8100306977   0.1703200953   0.1395750273   7.235958872    0.1816275872   7.36067        4.01519        0.52363        10.98039       3.69593        0.66925        14.79701       3.44763        0.7306         
132      NO_ID      1.361080847    0.1863054486   0.3158473568   7.51138422     0.2238689204   6.72983        3.07548        0.63321        10.58869       2.73415        0.94659        14.58333       2.51001        1.09745        
133      NO_ID      1.048725917    0.1310854649   0.1772648214   3.855655313    0.02848050823  12.12121       5.99602        0.51339        14.11825       2.72213        0.76785        17.88462       1.75629        0.5117         
134      NO_ID      1.293086654    0.1405360961   0.4431332848   6.118004126    0.1995720158   8.17223        4.68108        0.48427        12.99907       3.97073        0.77808        17.28856       3.60728        0.87602        
135      NO_ID      1.072074531    0.2353267662   0.4899358474   9.772246385    0.2376745599   3.38409        2.07518        0.50101        5.23756        1.86819        0.70873        7.29167        1.73891        0.85984        
136      NO_ID      1.451428052    0.1527728477   0.5788904858   6.517283817    0.2511958342   6.39269        3.36989        0.50981        9.28144        2.95141        0.72664        12.79926       2.64906        0.86331        
137      NO_ID      1.550887744    0.1368665338   0.9308383459   4.190015605    0.0984637021   4.53956        6.55387        0.1922         5.99059        5.08402        0.27763        7.98969        3.66056        0.3673         
138      NO_ID      1.158052949    0.204167405    0.4214773397   8.917127864    0.04566923866  4.83592        3.77551        0.35975        6.74374        3.07772        0.51361        8.43882        2.46873        0.62225        
139      NO_ID      0.8205546531   0.2416382446   0.7517118153   9.395157127    0.2069947649   2.41671        2.22438        0.32584        3.67454        1.95319        0.46981        5.16354        1.72219        0.62367        
140      NO_ID      1.344437542    0.1341200296   0.2037363281   3.434669005    0.2179203067   14.22018       5.67019        0.6927         22.54428       5.05323        0.98231        30.57395       4.5571         1.19193        
141      NO_ID      1.475450755    0.1777957549   0.5714500034   4.296829576    0.2591811258   5.54231        3.43941        0.47178        8.64198        2.94692        0.68766        11.43791       2.62967        0.79605        
142      NO_ID      0.9013089316   0.2315986757   0.8345874354   2.66216755     0.2809589975   2.44328        2.55158        0.29781        4.17782        2.15193        0.4758         5.9676         1.90567        0.60994        
143      NO_ID      1.267039432    0.1291593949   0.233593844    2.298912727    0.1429373932   14.35897       7.98806        0.54453        23.05141       6.18458        0.88493        30.30303       4.69931        1.02989        
144      NO_ID      0.9937587249   0.1562542209   0.9950250977   2.996484597    0.06035194031  3.80331        4.03487        0.27594        4.41407        2.38028        0.38053        4.44444        1.79948        0.24714        
145      NO_ID      1.031366117    0.2377795927   0.4797448371   3.167857682    0.1185190989   3.65726        2.81519        0.38178        5.94629        2.19919        0.69884        7.9258         1.8275         0.80649        
146      NO_ID      1.207259174    0.1721809395   0.3449714294   6.335669912    0.2357782816   6.87285        3.38655        0.57187        10.66819       3.05682        0.86147        14.7619        2.78029        1.02333        
147      NO_ID      1.424593674    0.2480442445   0.714808132    4.990641731    0.1780562551   2.89495        2.33737        0.34865        4.7619         1.8003         0.64169        6.1943         1.69798        0.71768        
148      NO_ID      1.131737719    0.2079745516   0.5419656835   3.32154317     0.09688925458  4.38514        3.37281        0.37232        6.65236        2.49949        0.65637        7.47863        2.33086        0.58985        
149      NO_ID      1.190620588    0.1961880356   0.9041855191   9.835042974    0.1479032962   3.0541         3.23881        0.26275        4.54693        2.70282        0.3699         5.97525        2.4009         0.44686        
150      NO_ID      0.9514931189   0.190269167    0.9437988201   6.621038812    0.2495533575   3.22953        2.84171        0.32147        4.77653        2.47992        0.46495        6.32653        2.23554        0.55414        
151      NO_ID      0.8543676236   0.2003330098   0.1564733887   7.151056727    0.07476076066  6.41907        4.70075        0.39652        10.15284       4.2153         0.60088        14.90948       3.90355        0.75802        
152      NO_ID      1.237227854    0.2460884162   0.5974190051   2.501298659    0.1918373634   3.44149        2.40078        0.43162        5.15961        1.96786        0.65354        6.82376        1.93908        0.69507        
153      NO_ID      0.8684531995   0.1818959407   0.36071727     6.994470285    0.2136992474   5.35168        3.44809        0.45118        8.10185        3.08585        0.63603        11.42276       2.89494        0.74381        
154      NO_ID      1.090486817    0.2127952474   0.6704673091   5.023042404    0.1644117273   3.58327        3.15613        0.32664        5.45135        2.6171         0.48233        7.41918        2.32851        0.63025        
155      NO_ID      1.582864453    0.1647681995   0.7711419289   8.405590252    0.0808541506   4.56175        4.76772        0.2556         5.95238        3.85601        0.35603        7.9096         3.01094        0.4739         
156      NO_ID      1.336334218    0.1800593412   0.8429133227   3.620700136    0.2758746527   4.10437        3.43413        0.34114        6.39269        2.76212        0.52973        8.6741         2.44699        0.61728        
157      NO_ID      0.8902714166   0.2272066883   0.8761144906   5.467737693    0.1276343258   2.43583        2.90006        0.23597        3.81148        2.31324        0.39071        4.80138        2.1802         0.43832        
158      NO_ID      1.528366728    0.146362899    0.2865334955   9.178100923    0.2946869507   7.53904        2.43232        0.85723        11.32686       2.19777        1.17568        15.44036       2.09226        1.33132        
159      NO_ID      1.302812518    0.1262441559   0.9628592732   9.598755293    0.1106277258   4.74737        6.37776        0.20191        6.58204        5.20926        0.2748         8.88889        4.27417        0.34762        
160      NO_ID      1.162159496    0.2158958825   0.3895188707   7.90342888     0.06299826389  4.56021        3.51827        0.36394        7.08841        2.87726        0.58496        8.56354        2.71435        0.62884        
161      NO_ID      0.9631722699   0.1738595288   0.1014329448   8.276174094    0.2695411385   5.52923        2.5784         0.61546        8.04498        2.32945        0.79214        11.00629       2.20966        0.87782        
162      NO_ID      0.9327345289   0.1392024558   0.4930669178   2.180028007    0.08511711872  7.19055        5.92198        0.34983        9.03184        2.90995        0.55672        10.52036       2.17067        0.51139        
163      NO_ID      1.111993002    0.1764665906   0.3877772752   8.662929424    0.02041474132  5.51601        4.02061        0.38069        5.66343        2.62792        0.43346        6.3786         1.6387         0.38963        
164      NO_ID      1.395865641    0.143476825    0.6342378821   5.798732937    0.03819127669  6.2            5.26702        0.33433        6.59134        2.63248        0.47549        7.31132        1.44147        0.47239        
165      NO_ID      1.248408666    0.239379283    0.8497023131   8.063297837    0.05232747556  2.58462        2.46444        0.29316        3.97776        1.83135        0.51615        4.3573         1.74457        0.4865         
166      NO_ID      1.485054564    0.1638540517   0.546029563    5.362305018    0.1672313109   6.13687        4.56869        0.37623        9.22266        3.74824        0.58989        12.26913       3.38628        0.64274        
167      NO_ID      1.518056737    0.2443079926   0.6684228347   5.906448035    0.1591078594   3.11526        2.44842        0.35743        4.58913        2.03149        0.54114        6.30385        1.8027         0.65949        
168      NO_ID      1.579314164    0.1500114377   0.5176409209   7.623862789    0.1378825297   6.98603        5.11691        0.37636        10.13709       4.29921        0.51139        13.61849       3.59979        0.68413        
169      NO_ID      1.001278629    0.2138290746   0.5736403088   4.771974236    0.2886423936   3.37675        2.73319        0.39206        5.72597        2.35053        0.59101        8.42391        2.14286        0.78759        
170      NO_ID      1.40116118     0.2182413789   0.4597357778   4.56258139     0.1115079847   4.71602        3.13739        0.43057        7.26895        2.55277        0.69528        9.573          2.27246        0.81953        
171      NO_ID      0.8100306977   0.2250726116   0.5638604137   7.235958872    0.1816275872   3.0561         2.93053        0.30862        4.82592        2.49779        0.48871        6.94239        2.23425        0.63673        
172      NO_ID      1.361080847    0.2157047155   0.153203852    7.51138422     0.2238689204   7.07071        2.69235        0.79185        10.81601       2.44733        1.06474        14.75584       2.31406        1.19594        
173      NO_ID      1.048725917    0.1424153001   0.2232201963   3.855655313    0.02848050823  9.70201        5.30713        0.47288        10.92896       2.19668        0.6853         13.37154       1.41633        0.4256         
174      NO_ID      1.293086654    0.1282281997   0.6437983892   6.118004126    0.1995720158   7.01754        4.97399        0.38484        9.99286        4.28266        0.50741        13.33333       3.85531        0.58622        
175      NO_ID      1.072074531    0.1204961756   0.3682866217   9.772246385    0.2376745599   7.60281        3.36536        0.62667        11.35442       3.06865        0.83397        15.25054       2.88855        0.9267         
176      NO_ID      1.451428052    0.2281404753   0.2815836085   6.517283817    0.2511958342   5.57547        2.47528        0.66591        8.69293        2.2405         0.98115        12.36702       2.04197        1.21484        
177      NO_ID      1.550887744    0.1897791901   0.9988999288   4.190015605    0.0984637021   3.19854        3.68371        0.23876        4.67134        2.69321        0.4073         5.24345        2.37394        0.40756        
178      NO_ID      1.158052949    0.2368388366   0.7294855739   8.917127864    0.04566923866  2.72904        2.65436        0.28803        4.26214        1.93616        0.53108        4.52335        1.77843        0.48137        
179      NO_ID      0.8205546531   0.1949440891   0.9707761961   9.395157127    0.2069947649   2.7134         2.83212        0.28061        4.0864         2.44626        0.40788        5.80524        2.15399        0.48292        
180      NO_ID      1.344437542    0.243119772    0.4778339811   3.434669005    0.2179203067   3.87275        2.36378        0.51183        6.04491        2.12253        0.70883        8.33333        1.9464         0.78127        
181      NO_ID      1.475450755    0.1839215558   0.8204664921   4.296829576    0.2591811258   4.22343        3.27894        0.35926        6.5678         2.602          0.55448        8.21513        2.41941        0.60427        
182      NO_ID      0.9013089316   0.1549986294   0.8198627907   2.66216755     0.2809589975   4.44444        4.50999        0.29263        7.17203        3.63969        0.4822         10.01431       3.20434        0.58557        
183      NO_ID      1.267039432    0.1573176736   0.9167489202   2.298912727    0.1429373932   4.23472        4.96681        0.23983        5.65657        3.7193         0.37068        7.25552        3.12908        0.39826        
184      NO_ID      0.9937587249   0.209101381    0.4077444428   2.996484597    0.06035194031  4.77404        3.28484        0.4246         6.70498        1.9835         0.76446        6.82819        1.68046        0.57246        
185      NO_ID      1.031366117    0.2498073042   0.7674734805   3.167857682    0.1185190989   2.57117        2.38662        0.31359        3.94626        1.86691        0.52549        4.69223        1.70723        0.52428        
186      NO_ID      1.207259174    0.1693602386   0.191575513    6.335669912    0.2357782816   8.59423        3.42535        0.71317        12.89134       3.10163        0.94526        17.87532       2.95831        1.07406        
187      NO_ID      1.424593674    0.2050423647   0.7764149715   4.990641731    0.1780562551   3.55606        3.22065        0.30956        5.29701        2.58017        0.47904        7.03871        2.34967        0.53063        
188      NO_ID      1.131737719    0.1600551328   0.8823373314   3.32154317     0.09688925458  4.16667        4.94016        0.23455        6.122          3.52387        0.43007        6.64767        2.76214        0.39           
189      NO_ID      1.190620588    0.1946983662   0.3026349929   9.835042974    0.1479032962   6.16469        3.52101        0.51794        9.6167         3.08328        0.76202        13.34283       2.83837        0.92271        
190      NO_ID      0.9514931189   0.2025997494   0.9052528818   6.621038812    0.2495533575   2.98571        2.72196        0.31415        4.51895        2.35766        0.4612         6.16135        2.0397         0.58562        
191      NO_ID      0.8543676236   0.1343247935   0.4353715071   7.151056727    0.07476076066  7.61283        7.61255        0.27667        11.34146       5.76078        0.45473        15.45254       4.52911        0.56265        
192      NO_ID      1.237227854    0.1484037392   0.2583312114   2.501298659    0.1918373634   10.19737       5.9753         0.56063        17.67296       5.08727        0.83799        24.38596       4.41006        1.02923        
193      NO_ID      0.8684531995   0.1309833659   0.6031333796   6.994470285    0.2136992474   6.12875        4.29539        0.39832        9.27767        3.83716        0.58           12.3131        3.63111        0.58456        
194      NO_ID      1.090486817    0.2315325962   0.9373330806   5.023042404    0.1644117273   2.46002        2.64536        0.2633         3.67433        2.15503        0.40897        4.82137        2.08531        0.43878        
195      NO_ID      1.582864453    0.125276364    0.6948154209   8.405590252    0.0808541506   6.12875        7.54977        0.22238        8.87199        5.65838        0.35358        11.40994       4.25305        0.45075        
196      NO_ID      1.336334218    0.1801126197   0.74648857     3.620700136    0.2758746527   4.34918        3.48164        0.3721         6.85131        2.81114        0.56382        9.1683         2.64566        0.61238        
197      NO_ID      0.8902714166   0.1985610304   0.3315309324   5.467737693    0.1276343258   5.19095        4.12817        0.36423        8.09942        3.55298        0.58873        11.70833       3.14838        0.75549        
198      NO_ID      1.528366728    0.1660175569   0.1719142245   9.178100923    0.2946869507   7.41918        2.2483         0.90893        10.77752       2.0511         1.24791        14.95726       1.962          1.34154        
199      NO_ID      1.302812518    0.2208274794   0.2421857735   9.598755293    0.1106277258   6.05275        3.31652        0.53001        9.25926        2.90559        0.78408        13.57488       2.60735        1.01945        
200      NO_ID      1.162159496    0.1867036817   0.1234675795   7.90342888     0.06299826389  9.69634        5.26306        0.52226        15.55184       4.66548        0.79403        21.72897       4.17608        1.00603        
201      NO_ID      0.9631722699   0.1738595288   0.2488826263   2.880065686    0.2695411385   6.70996        4.36394        0.50328        11.21795       3.87461        0.7648         16.37427       3.62013        0.86261        
202      NO_ID      0.9327345289   0.1392024558   0.6252894036   3.761313358    0.08511711872  6.06849        6.70965        0.25818        7.80806        5.03341        0.35964        10.65449       3.41848        0.46571        
203      NO_ID      1.111993002    0.1764665906   0.7847157325   7.994770044    0.02041474132  3.0541         3.06374        0.26111        3.21839        1.80073        0.32964        3.66876        1.21044        0.22243        
204      NO_ID      1.395865641    0.143476825    0.2642648742   5.328442972    0.03819127669  11.44033       5.90429        0.53225        13.18267       3.61117        0.72117        16.48999       2.57482        0.71664        
205      NO_ID      1.248408666    0.239379283    0.7029328279   7.722326398    0.05232747556  2.89855        2.57083        0.31793        4.54102        1.84216        0.59116        4.72307        1.79372        0.50959        
206      NO_ID      1.485054564    0.1638540517   0.80978017     2.700354521    0.1672313109   4.28484        4.62784        0.27187        6.57772        3.78682        0.39412        8.30357        3.25789        0.46134        
207      NO_ID      1.518056737    0.2443079926   0.1149652584   5.791488811    0.1591078594   7.19814        2.99404        0.7342         11.39497       2.74879        1.04076        16.84717       2.59828        1.27168        
208      NO_ID      1.579314164    0.1500114377   0.5229250629   4.962193315    0.1378825297   6.89316        5.65582        0.32927        10.48689       4.35298        0.54675        13.72549       3.78037        0.68001        
209      NO_ID      1.001278629    0.2138290746   0.6438349556   3.474383267    0.2886423936   3.62768        2.76924        0.39353        5.61572        2.40857        0.58925        8.18505        2.18663        0.75283        
210      NO_ID      1.40116118     0.2182413789   0.4024169646   8.815000399    0.1115079847   4.8011         3.20456        0.42213        7.431          2.7115         0.65579        10.46771       2.33492        0.85011        
211      NO_ID      0.8100306977   0.2250726116   0.1395750273   9.751929893    0.1816275872   4.46144        2.68966        0.51434        6.9965         2.46391        0.67575        9.53857        2.37297        0.74807        
212      NO_ID      1.361080847    0.2157047155   0.3158473568   2.586580926    0.2238689204   5.76844        3.22928        0.55945        9.13242        2.77623        0.84338        14.17683       2.5076         1.1278         
213      NO_ID      1.048725917    0.1424153001   0.1772648214   7.054954764    0.02848050823  11.81435       7.67361        0.42741        15.75964       4.42615        0.69973        18.98907       2.78353        0.77243        
214      NO_ID      1.293086654    0.1282281997   0.4431332848   3.144113107    0.1995720158   9.92232        6.34249        0.45188        15.35519       5.19958        0.68891        20.64897       4.39742        0.80111        
215      NO_ID      1.072074531    0.1204961756   0.4899358474   6.547650524    0.2376745599   7.86959        4.16667        0.515          11.91088       3.71566        0.75734        15.87302       3.44068        0.78461        
216      NO_ID      1.451428052    0.2281404753   0.5788904858   8.658092287    0.2511958342   3.74396        2.14659        0.51085        5.66304        1.87435        0.71331        8.20059        1.645          0.99796        
217      NO_ID      1.550887744    0.1897791901   0.9308383459   3.83171395     0.0984637021   3.54798        3.5379         0.27887        4.46144        2.9999         0.35918        5.48374        2.36167        0.41567        
218      NO_ID      1.158052949    0.2368388366   0.4214773397   6.066774884    0.04566923866  3.87919        2.89274        0.38078        5.57561        2.29481        0.61309        6.12648        2.13252        0.54148        
219      NO_ID      0.8205546531   0.1949440891   0.7517118153   7.266872831    0.2069947649   3.31675        3.13794        0.30809        5.17691        2.7282         0.46776        7.36067        2.33296        0.62974        
220      NO_ID      1.344437542    0.243119772    0.2037363281   8.073134034    0.2179203067   5.45171        2.34414        0.71748        8.34824        2.1521         1.00492        11.81435       2.02697        1.11872        
221      NO_ID      1.475450755    0.1839215558   0.5714500034   9.022104697    0.2591811258   4.89474        2.46301        0.5684         7.30308        2.16629        0.81594        10.51051       1.91132        1.07769        
222      NO_ID      0.9013089316   0.1549986294   0.8345874354   6.256896018    0.2809589975   4.13345        3.06337        0.37886        6.28084        2.73137        0.56852        8.75866        2.50034        0.68335        
223      NO_ID      1.267039432    0.1573176736   0.233593844    4.210885523    0.1429373932   10.35635       5.83135        0.51811        16.90821       4.90459        0.85197        24.05498       4.21703        1.08214        
224      NO_ID      0.9937587249   0.209101381    0.9950250977   5.445613072    0.06035194031  2.62763        3.13952        0.23702        3.9019         2.1615         0.43766        4.11869        2.41308        0.35386        
225      NO_ID      1.031366117    0.2498073042   0.4797448371   5.008038623    0.1185190989   3.17245        2.64436        0.34292        5.17369        2.17114        0.59168        7.19814        1.99354        0.74211        
226      NO_ID      1.207259174    0.1693602386   0.3449714294   3.271687586    0.2357782816   7.58808        4.20194        0.54086        12.15278       3.83673        0.78331        17.47212       3.42725        1.02531        
227      NO_ID      1.424593674    0.2050423647   0.714808132    8.217916953    0.1780562551   3.77384        2.97576        0.3485         5.43901        2.50915        0.48142        7.25429        2.24355        0.58835        
228      NO_ID      1.131737719    0.1600551328   0.5419656835   7.419232676    0.09688925458  5.55556        5.36309        0.28344        8.59423        4.19905        0.47148        11.05807       3.59864        0.56517        
229      NO_ID      1.190620588    0.1946983662   0.9041855191   9.203868673    0.1479032962   3.00687        3.3709         0.24567        4.69484        2.72846        0.39224        6.07843        2.49091        0.41807        
230      NO_ID      0.9514931189   0.2025997494   0.9437988201   6.989966662    0.2495533575   2.82828        2.65932        0.30927        4.32499        2.28356        0.45705        6.16039        2.00144        0.56659        
231      NO_ID      0.8543676236   0.1343247935   0.1564733887   5.891482336    0.07476076066  13.0719        8.53851        0.428          20             7.12016        0.64823        27.61341       5.86134        0.75558        
232      NO_ID      1.237227854    0.1484037392   0.5974190051   4.530522948    0.1918373634   6.38395        5.02586        0.36194        9.62733        4.12448        0.5466         12.83472       3.63309        0.6353         
233      NO_ID      0.8684531995   0.1309833659   0.36071727     6.745757957    0.2136992474   8.01833        4.41222        0.49404        11.84433       3.95841        0.67579        16.20209       3.71466        0.76395        
234      NO_ID      1.090486817    0.2315325962   0.6704673091   4.730156119    0.1644117273   3.25885        2.76131        0.33917        4.91543        2.24883        0.54119        6.99899        1.93897        0.7171         
235      NO_ID      1.582864453    0.125276364    0.7711419289   9.427910197    0.0808541506   5.66343        7.20281        0.21388        7.98731        5.62515        0.31728        10.6576        4.00695        0.4532         
236      NO_ID      1.336334218    0.1801126197   0.8429133227   2.146933545    0.2758746527   3.6788         3.68986        0.31188        6.1082         3.06116        0.46858        8.14294        2.72274        0.56241        
237      NO_ID      0.8902714166   0.1985610304   0.8761144906   4.15289822     0.1276343258   3.08642        3.59739        0.24259        4.47427        2.92607        0.3671         5.78273        2.70332        0.41585        
238      NO_ID      1.528366728    0.1660175569   0.2865334955   9.922252492    0.2946869507   6.66189        2.18705        0.85436        9.88701        1.99411        1.18078        13.7574        1.88896        1.33685        
239      NO_ID      1.302812518    0.2208274794   0.9628592732   2.266948068    0.1106277258   2.72763        2.71807        0.28617        3.92817        1.75222        0.56643        3.97163        1.60426        0.40318        
240      NO_ID      1.162159496    0.1867036817   0.3895188707   8.492308059    0.06299826389  5.76844        4.45679        0.36142        8.40868        3.63106        0.56634        11.12431       3.0628         0.67961        
241      NO_ID      0.9631722699   0.1738595288   0.2488826263   8.276174094    0.1095571068   7.24299        5.01472        0.41622        11.47876       4.36212        0.63121        16.26298       3.89963        0.78768        
242      NO_ID      0.9327345289   0.1392024558   0.6252894036   2.180028007    0.1893511266   6.08848        6.25937        0.29573        10             4.96436        0.46153        12.95265       4.03571        0.5672         
243      NO_ID      1.111993002    0.1764665906   0.7847157325   8.662929424    0.2619780277   3.79404        2.55512        0.4194         5.8762         2.24848        0.63076        8.08781        2.03442        0.78388        
244      NO_ID      1.395865641    0.143476825    0.2642648742   5.798732937    0.2517504785   10.18923       3.72627        0.73954        15.25054       3.33295        1.03708        21.24031       3.18618        1.17879        
245      NO_ID      1.248408666    0.239379283    0.7029328279   8.063297837    0.08586535083  2.87003        2.62896        0.30375        4.36954        2.07971        0.49609        6.19174        1.70379        0.70732        
246      NO_ID      1.485054564    0.1638540517   0.80978017     5.362305018    0.2125918131   4.46257        4.064          0.30481        6.89316        3.34519        0.45369        8.67537        2.99648        0.50094        
247      NO_ID      1.518056737    0.2443079926   0.1149652584   5.906448035    0.1272344668   7.277          3.09124        0.71138        11.7094        2.85212        1.02117        17.0303        2.68181        1.25859        
248      NO_ID      1.579314164    0.1500114377   0.5229250629   7.623862789    0.1788724632   6.90335        4.37012        0.43065        10.28761       3.70427        0.65393        13.61434       3.38199        0.68066        
249      NO_ID      1.001278629    0.2138290746   0.6438349556   4.771974236    0.2462320917   3.52201        2.88394        0.35337        5.43224        2.4727         0.54654        7.99204        2.18149        0.71587        
250      NO_ID      1.40116118     0.2182413789   0.4024169646   4.56258139     0.1238312619   5.08197        3.21487        0.44717        7.72222        2.71541        0.70292        10.50075       2.38135        0.86524        
251      NO_ID      0.8100306977   0.2250726116   0.1395750273   7.235958872    0.2900289098   3.70077        2.14767        0.53122        5.55556        1.95363        0.69571        7.69868        1.88282        0.76563        
252      NO_ID      1.361080847    0.2157047155   0.3158473568   7.51138422     0.04399823221  5.58214        3.50486        0.44826        8.3632         2.75652        0.7482         9.04393        2.57184        0.65453        
253      NO_ID      1.048725917    0.1424153001   0.1772648214   3.855655313    0.2330657144   11.38211       4.9748         0.6213         16.9697        4.52704        0.83002        23.03183       4.14911        0.93144        
254      NO_ID      1.293086654    0.1282281997   0.4431332848   6.118004126    0.1161829116   9.02643        7.06116        0.35565        13.44861       5.77843        0.50875        18.16406       4.67968        0.69094        
255      NO_ID      1.072074531    0.1204961756   0.4899358474   9.772246385    0.2850222868   5.97525        2.74251        0.59349        8.93766        2.4602         0.82409        12.04663       2.32189        0.91946        
256      NO_ID      1.451428052    0.2281404753   0.5788904858   6.517283817    0.02972505944  3.63565        2.39188        0.42201        3.83142        1.94231        0.46197        4.28484        1.61286        0.40005        
257      NO_ID      1.550887744    0.1897791901   0.9308383459   4.190015605    0.1034682319   3.33095        3.71459        0.24989        5.41958        2.61974        0.4807         5.66343        2.36234        0.45009        
258      NO_ID      1.158052949    0.2368388366   0.4214773397   8.917127864    0.2073734257   3.85039        2.38002        0.48592        5.92217        2.10551        0.6964         8.20198        1.92308        0.86695        
259      NO_ID      0.8205546531   0.1949440891   0.7517118153   9.395157127    0.02316931418  3.09872        3.3329         0.26114        3.1954         2.5496         0.30539        3.56234        1.88106        0.24819        
260      NO_ID      1.344437542    0.243119772    0.2037363281   3.434669005    0.06493064403  5.55556        3.02616        0.53398        8.62709        2.43287        0.87576        10.63022       2.09497        0.93785        
261      NO_ID      1.475450755    0.1839215558   0.5714500034   4.296829576    0.2232584687   5.41426        3.60916        0.42798        8.25959        3.07515        0.63324        11.28514       2.64595        0.78714        
262      NO_ID      0.9013089316   0.1549986294   0.8345874354   2.66216755     0.1963741306   4.47427        4.99932        0.26299        6.70965        4.23411        0.37653        8.59617        3.61111        0.44404        
263      NO_ID      1.267039432    0.1573176736   0.233593844    2.298912727    0.2183385803   10.65449       5.32704        0.63997        16.54846       4.78609        0.88095        24.17103       4.2141         1.11656        
264      NO_ID      0.9937587249   0.209101381    0.9950250977   2.996484597    0.05317966062  2.60562        2.50478        0.29913        3.20028        1.4255         0.47144        3.10414        1.49719        0.24185        
265      NO_ID      1.031366117    0.2498073042   0.4797448371   3.167857682    0.03835983806  2.9846         2.11892        0.40935        3.79592        1.14178        0.68806        4.09357        1.28161        0.40251        
266      NO_ID      1.207259174    0.1693602386   0.3449714294   6.335669912    0.1846075798   7.42208        4.16139        0.51687        11.35442       3.67025        0.73342        16.31455       3.34461        0.94911        
267      NO_ID      1.424593674    0.2050423647   0.714808132    4.990641731    0.152127062    3.75303        3.28442        0.31717        5.35168        2.71846        0.4628         7.31132        2.37665        0.58611        
268      NO_ID      1.131737719    0.1600551328   0.5419656835   3.32154317     0.2979799982   5.67031        3.93442        0.43817        9.32935        3.36659        0.68116        13.60544       2.92411        0.89585        
269      NO_ID      1.190620588    0.1946983662   0.9041855191   9.835042974    0.1391695213   3.07507        3.38594        0.25024        4.50016        2.8033         0.35851        6.08431        2.4342         0.44387        
270      NO_ID      0.9514931189   0.2025997494   0.9437988201   6.621038812    0.1688043027   2.79269        3.28548        0.23885        4.18542        2.66942        0.36427        5.62981        2.45427        0.4222         
271      NO_ID      0.8543676236   0.1343247935   0.1564733887   7.151056727    0.07176985313  13.08194       8.32372        0.43343        19.94302       7.08359        0.64509        26.7619        5.98316        0.72159        
272      NO_ID      1.237227854    0.1484037392   0.5974190051   2.501298659    0.07857332335  6.5678         4.88011        0.40455        7.99087        3.10653        0.57555        8.50091        2.02229        0.50722        
273      NO_ID      0.8684531995   0.1309833659   0.36071727     6.994470285    0.09118320165  8.77358        7.59315        0.32894        14.34469       6.04442        0.56764        19.375         4.72362        0.72056        
274      NO_ID      1.090486817    0.2315325962   0.6704673091   5.023042404    0.1590304503   3.0521         2.78396        0.31414        5.0216         2.22492        0.55616        6.65236        1.95587        0.67877        
275      NO_ID      1.582864453    0.125276364    0.7711419289   8.405590252    0.137139491    6.05275        5.9641         0.27222        8.43882        4.99065        0.36504        11.24498       4.11315        0.45882        
276      NO_ID      1.336334218    0.1801126197   0.8429133227   3.620700136    0.2664650292   3.75134        3.52008        0.31789        6.17284        2.92296        0.47414        8.54701        2.46964        0.60655        
277      NO_ID      0.8902714166   0.1985610304   0.8761144906   5.467737693    0.2766108464   3.1474         2.75425        0.3279         4.88058        2.37237        0.5033         6.75413        2.11063        0.63139        
278      NO_ID      1.528366728    0.1660175569   0.2865334955   9.178100923    0.1645363951   8.89101        3.93096        0.64172        13.74008       3.4628         0.93428        19.05738       3.11953        1.16053        
279      NO_ID      1.302812518    0.2208274794   0.9628592732   9.598755293    0.05884289496  2.62911        2.81562        0.2597         4.16295        1.99675        0.48695        4.36284        1.96798        0.43135        
280      NO_ID      1.162159496    0.1867036817   0.3895188707   7.90342888     0.2411610095   5.49687        2.8159         0.57351        8.61009        2.51677        0.83888        11.95373       2.33929        0.98165        
