%eval_id interface desired_speed  radius         time_gap       strength_neighbor range_neighbor flow_2.4       density_2.4    speed_2.4      flow_3.6       density_3.6    speed_3.6      flow_5.0       density_5.0    speed_5.0      
1        NO_ID      1.06356613     0.2288275674   0.2325727015   5.187871314    0.2139527533   -1.13583       -2.5445        0.1941         -0.72179       -2.11944       0.31922        -2.30408       -1.51655       0.29714        
2        NO_ID      1.234161395    0.2344751276   0.8724702812   3.758523746    0.1978870278   -3.309         -3.04135       -0.0098        -5.06088       -2.68244       -0.01638       -8.35913       -2.18257       -0.08646       
3        NO_ID      1.35308259     0.1950229713   0.5356691224   9.131641742    0.2281160345   -1.38017       -2.93367       0.19177        -1.91597       -2.51624       0.30183        -3.9385        -2.04202       0.30793        
4        NO_ID      1.492865571    0.2023090663   0.1113922481   4.886728709    0.140860092    4.21034        -1.3516        0.39506        7.10667        -1.01615       0.61693        9.46332        -0.5386        0.64918        
5        NO_ID      1.56498062     0.2222894184   0.7467378012   6.386846707    0.2664657477   -2.59268       -3.22568       0.10394        -3.64065       -2.87099       0.18719        -6.47473       -2.35567       0.12952        
6        NO_ID      1.286320299    0.1519323944   0.349709468    4.500261907    0.2749539796   2.45323        -1.80782       0.30378        4.14394        -1.49956       0.4799         4.24414        -0.98854       0.42594        
7        NO_ID      1.204256909    0.1774110115   0.5239604723   6.072735694    0.121062952    -0.80242       -1.08743       0.00746        -0.78718       -1.30578       0.11042        -3.23278       -0.92823       0.00481        
8        NO_ID      1.389967162    0.1240204597   0.2822966372   8.574894322    0.106259845    6.84394        1.57007        0.17257        10.63775       1.0394         0.32954        13.63055       0.7665         0.34401        
9        NO_ID      1.146278897    0.1702103381   0.9659095234   6.882349593    0.03160644122  -2.73202       -1.85007       -0.07265       -5.40438       -2.32594       -0.13555       -9.86364       -2.60923       -0.357         
10       NO_ID      1.420830495    0.1374538792   0.4357211176   2.260920231    0.1690299484   3.38799        0.86359        0.0946         4.86738        0.32777        0.1744         4.75612        0.04588        0.11773        
11       NO_ID      1.485364607    0.1618746875   0.7411525738   3.91349832     0.06928886577  -1.04844       -0.98513       -0.01033       -2.10834       -2.01754       0.10747        -6.65747       -2.05229       -0.11461       
12       NO_ID      1.103978857    0.1687805626   0.6124862928   3.439815079    0.1586525974   -0.90489       -0.83244       -0.00938       -0.99573       -1.05979       0.06871        -3.31433       -0.81188       -0.0394        
13       NO_ID      0.9459553463   0.1413033428   0.1434820322   8.089761678    0.2436113879   1.0926         -2.28667       0.28201        1.53382        -1.83746       0.34354        0.27655        -1.26796       0.23228        
14       NO_ID      1.308729068    0.1906595502   0.4490356126   3.083190576    0.0733628562   -0.11426       -1.92076       0.16071        -1.4366        -2.22326       0.2319         -5.25292       -2.29923       0.04133        
15       NO_ID      0.8084568827   0.2483401544   0.1979151093   5.429197017    0.05896999481  -2.32284       -2.38405       0.0317         -2.82056       -1.90449       0.08098        -4.74868       -1.40596       0.06188        
16       NO_ID      0.9602559678   0.2121013047   0.3711813118   7.685959423    0.1397529165   -1.51652       -2.14333       0.06459        -1.9464        -1.83028       0.13658        -3.68826       -1.42706       0.13413        
17       NO_ID      1.123368045    0.1462633454   0.7937891992   9.873165383    0.2492729994   -1.60302       -2.66873       0.11264        -2.26927       -2.30158       0.17414        -4.55662       -1.77627       0.11033        
18       NO_ID      0.9093612306   0.1307617732   0.8712566678   7.196112446    0.03599687205  -1.02204       0.3422         -0.08481       -3.25128       -1.59498       -0.09321       -7.64797       -2.2709        -0.32662       
19       NO_ID      1.004332834    0.2167496394   0.6812001623   9.543808338    0.1908497663   -2.86533       -2.93252       0.03469        -4.07077       -2.54581       0.07598        -7.21424       -2.04942       0.01334        
20       NO_ID      0.8401973379   0.183168577    0.9347457881   2.647559471    0.2870548208   -2.95956       -2.12526       -0.04309       -3.50125       -1.93183       0.01942        -6.68314       -1.4103        -0.13659       
21       NO_ID      1.554601207    0.241332895    0.6555970227   8.09742288     0.09433884943  -2.96314       -3.01747       0.01853        -4.08834       -2.83323       0.12133        -7.9516        -2.25325       0.01874        
22       NO_ID      1.174028349    0.1381001372   0.7195473251   2.631001372    0.1918792867   0.22087        0.32727        -0.02027       0.32137        -0.21555       0.01728        -1.47956       -0.20966       -0.06261       
23       NO_ID      0.8889498552   0.1344741655   0.4224279835   6.442615455    0.1615363512   1.92819        0.1203         0.08051        3.59738        0.0126         0.17149        3.43739        0.25677        0.09052        
24       NO_ID      1.363145862    0.1410722451   0.8858024691   7.333942996    0.1754915409   -1.21187       -0.86489       -0.04384       -2.14385       -0.87885       -0.06405       -4.7424        -0.71365       -0.1652        
25       NO_ID      1.299862826    0.1416072245   0.6665980796   5.557384545    0.1616643804   -0.04675       -0.0794        -0.01684       0.00954        -0.3404        0.00604        -1.91074       -0.23068       -0.09717       
26       NO_ID      1.190855053    0.1408741046   0.6664609053   4.668495656    0.1824051212   0.18235        -0.14872       0.00228        0.26543        -0.41533       0.03463        -1.46347       -0.2996        -0.05818       
27       NO_ID      1.244261545    0.1379812529   0.6495884774   7.33272367     0.152702332    0.10935        -0.22782       -0.00114       -0.10186       -0.35306       0.0078         -2.06799       -0.10612       -0.124         
28       NO_ID      1.392531626    0.141428898    0.6627572016   4.668495656    0.1739551898   0.38322        -0.13697       0.00641        0.55411        -0.46926       0.04345        -1.98837       -0.14105       -0.10467       
29       NO_ID      1.165614998    0.1403589392   0.6664609053   4.964791952    0.165163847    0.04396        0.05575        -0.02124       0.05229        -0.22073       0.00431        -1.70842       -0.16028       -0.10332       
30       NO_ID      1.223776863    0.1419638775   0.6516460905   4.569730224    0.1709251638   0.29804        -0.02759       -0.00131       0.36474        -0.39334       0.03647        -1.45744       -0.27236       -0.04905       
31       NO_ID      0.8001828989   0.1488591678   0.5334019204   4.964791952    0.1443804298   -0.2111        0.35085        -0.03033       0.29765        -0.04194       0.02273        -0.69948       -0.04186       -0.01173       
32       NO_ID      0.8001828989   0.1542684042   0.5109053498   3.184575522    0.2031458619   -0.07071       -0.26902       0.01282        0.36172        -0.2806        0.06048        -0.63169       -0.1391        0.01415        
33       NO_ID      1.198902606    0.1293026978   0.8335390947   2.889498552    0.2309282122   -0.17296       0.13014        -0.02845       -0.45922       -0.06606       -0.04575       -2.21767       -0.10241       -0.12974       
34       NO_ID      0.8005486968   0.1544467307   0.4660493827   2.887059899    0.1444231062   0.43432        0.28637        0.0052         1.12711        -0.01242       0.08096        -0.62653       -0.10949       -0.03756       
35       NO_ID      0.8000609663   0.1405967078   0.5606995885   6.051211706    0.1547508002   0.04356        0.19656        -0.01719       0.43698        -0.00373       0.02932        -0.53472       0.03358        -0.03474       
36       NO_ID      0.8000609663   0.1446387746   0.5516460905   5.641518061    0.1743392775   -0.16691       -0.25882       -0.00274       0.69493        -0.35457       0.0807         -0.75358       -0.18367       0.0187         
37       NO_ID      0.8001828989   0.1435093736   0.5409465021   6.442615455    0.1444657827   -0.0294        0.17938        -0.01933       0.42001        -0.03182       0.02988        -0.69644       0.04222        -0.02952       
38       NO_ID      0.8298125286   0.1424592288   0.5450617284   6.446273434    0.1390032007   0.13979        0.31514        -0.02184       0.54694        -0.02107       0.03012        -0.46789       -0.0325        -0.01549       
39       NO_ID      0.8096936443   0.141428898    0.6059670782   2.591982929    0.2482121628   -0.30733       -0.07837       -0.00012       0.41382        -0.2876        0.0779         0.04778        -0.12953       0.02547        
40       NO_ID      0.9482091145   0.1394673068   0.6495884774   2.491998171    0.2252949246   0.11369        0.13883        0.00407        0.78394        -0.12486       0.03971        -0.887         0.0015         -0.07567       
41       NO_ID      1.2            0.185          0.55           6              0.16           -1.06443       -1.68485       0.04232        -1.37064       -1.56896       0.09939        -3.15455       -1.28606       0.09575        
42       NO_ID      1.455326932    0.1249039781   0.7537037037   8.419143423    0.1703703704   0.13937        -0.55188       0.0143         -0.0875        -0.46423       0.00399        -2.14539       -0.29831       -0.1084        
