%eval_id interface desired_speed  radius         time_gap       strength_neighbor range_neighbor strength_geometry range_geometry flow_2.4       density_2.4    speed_2.4      flow_3.6       density_3.6    speed_3.6      flow_5.0       density_5.0    speed_5.0      
1        NO_ID      1.133333333    0.2066666667   0.8333333333   15             0.34           7              0.01           2.56692        1.55963        0.5123         3.92487        1.39406        0.73365        5.49603        1.29098        0.86008        
2        NO_ID      1.133333333    0.2066666667   0.8333333333   6.333333333    0.34           7              0.01           3.09872        2.24654        0.41527        4.79124        1.9326         0.62805        6.78295        1.75617        0.78774        
3        NO_ID      1.133333333    0.12           0.8333333333   6.333333333    0.34           7              0.01           5.11135        2.84933        0.49266        7.72425        2.5539         0.69547        10.16703       2.44992        0.74208        
4        NO_ID      1.133333333    0.12           0.1            6.333333333    0.34           7              0.01           7.07071        2.7715         0.65045        10.49661       2.53982        0.92348        14.48598       2.41127        1.02105        
5        NO_ID      1.133333333    0.12           0.1            6.333333333    0.34           7              0.1366666667   7.28029        2.76647        0.68695        10.80247       2.58042        0.90299        14.61619       2.50168        1.01522        
6        NO_ID      1.133333333    0.12           0.1            6.333333333    0.34           1              0.1366666667   0              0              0              0              0              0              0              0              0              
7        NO_ID      1.133333333    0.12           0.1            6.333333333    0.02           1              0.1366666667   0              0              0              0              0              0              0              0              0              
8        NO_ID      1.8            0.12           0.1            6.333333333    0.02           1              0.1366666667   0              0              0              0              0              0              0              0              0              
9        NO_ID      1.8            0.1633333333   1.2            6.333333333    0.5            10             0.07333333333  3.30952        1.7035         0.55673        4.67602        1.5301         0.67982        6.51769        1.45472        0.78356        
10       NO_ID      1.8            0.25           1.2            6.333333333    0.5            10             0.07333333333  2.08613        1.39953        0.46675        3.18761        1.21733        0.64847        4.32099        1.11471        0.78298        
11       NO_ID      1.8            0.25           1.2            6.333333333    0.5            10             0.2            1.76835        1.49188        0.41489        2.94613        1.30971        0.59354        4.17039        1.14652        0.73675        
12       NO_ID      1.8            0.25           1.2            6.333333333    0.5            4              0.2            0              0              0              0              0              0              0              0              0              
13       NO_ID      1.8            0.25           1.2            15             0.5            4              0.2            0              0              0              0              0              0              0              0              0              
14       NO_ID      1.133333333    0.25           1.2            15             0.5            4              0.2            0              0              0              0              0              0              0              0              0              
15       NO_ID      1.133333333    0.25           0.4666666667   15             0.5            4              0.2            0              0              0              0              0              0              0              0              0              
16       NO_ID      1.133333333    0.25           0.4666666667   15             0.18           4              0.2            0              0              0              0              0              0              0              0              0              
17       NO_ID      1.466666667    0.12           0.8333333333   10.66666667    0.02           7              0.1366666667   3.45423        5.69685        0.1702         3.96152        3.06222        0.26513        4.45085        1.72488        0.25199        
18       NO_ID      1.466666667    0.12           0.8333333333   2              0.02           7              0.1366666667   1.93912        3.45531        0.16826        2.19754        1.26206        0.28921        2.68662        0.7148         0.09342        
19       NO_ID      0.8            0.12           0.8333333333   2              0.02           7              0.1366666667   1.74223        3.57223        0.12811        2.0908         1.11117        0.29382        2.48227        0.74561        0.0731         
20       NO_ID      0.8            0.12           0.8333333333   2              0.02           7              0.01           2.1059         2.82549        0.14179        2.38704        0.81371        0.15824        2.70349        0.70464        0.08432        
21       NO_ID      0.8            0.12           0.1            2              0.02           7              0.01           7.35759        3.74408        0.42878        11.35442       2.15239        0.59697        15.65996       1.97563        0.2871         
22       NO_ID      0.8            0.12           0.1            2              0.02           1              0.01           11.03896       5.60835        0.43878        11.19163       2.13339        0.61948        15.71268       1.99185        0.29441        
23       NO_ID      0.8            0.2066666667   0.1            2              0.02           1              0.01           4.14069        2.72353        0.42311        4.65839        1.5358         0.58237        5.43224        1.38377        0.37521        
24       NO_ID      0.8            0.2066666667   0.1            2              0.34           1              0.01           4.05133        3.66311        0.38396        9.24092        3.4345         0.688          11.1244        3.22068        0.768          
25       NO_ID      1.8            0.25           1.2            6.333333333    0.5            7              0.07333333333  2.20275        1.40287        0.47841        3.32618        1.20175        0.65804        4.44868        1.11497        0.76722        
26       NO_ID      1.8            0.25           1.2            15             0.5            7              0.07333333333  2.13419        1.0993         0.61136        3.01075        0.98796        0.75424        4.13345        0.89475        0.89341        
27       NO_ID      1.8            0.25           1.2            15             0.5            1              0.07333333333  0              0              0              0              0              0              0              0              0              
28       NO_ID      1.8            0.25           1.2            15             0.5            1              0.2            0              0              0              0              0              0              0              0              0              
29       NO_ID      1.8            0.25           0.4666666667   15             0.5            1              0.2            0              0              0              0              0              0              0              0              0              
30       NO_ID      1.8            0.25           0.4666666667   15             0.18           1              0.2            0              0              0              0              0              0              0              0              0              
31       NO_ID      1.133333333    0.25           0.4666666667   15             0.18           1              0.2            0              0              0              0              0              0              0              0              0              
32       NO_ID      1.133333333    0.1633333333   0.4666666667   15             0.18           1              0.2            0              0              0              0              0              0              0              0              0              
33       NO_ID      1.8            0.12           0.1            10.66666667    0.02           10             0.1366666667   17.22637       10.34918       0.49044        23.43486       5.65657        0.91939        27.54491       2.76892        1.17328        
34       NO_ID      1.133333333    0.12           0.1            10.66666667    0.02           10             0.1366666667   14.87342       11.08776       0.39534        20.11494       6.647          0.68422        25.69832       3.96329        0.87161        
35       NO_ID      1.133333333    0.12           0.1            2              0.02           10             0.1366666667   10.75808       6.10536        0.51051        10.2649        2.32694        0.74925        12.98883       1.22413        0.26921        
36       NO_ID      1.133333333    0.12           0.1            2              0.02           10             0.01           8.25933        3.32858        0.5424         8.73908        1.12316        0.37333        17.22017       1.55659        0.333          
37       NO_ID      1.133333333    0.12           0.1            2              0.02           4              0.01           10.07246       4.29036        0.4905         12.3131        1.64709        0.7417         16.84717       1.51657        0.33557        
38       NO_ID      1.133333333    0.2066666667   0.1            2              0.02           4              0.01           4.93827        2.46621        0.53054        7.13262        2.47011        0.62223        6.59134        1.3845         0.39363        
39       NO_ID      1.133333333    0.2066666667   0.8333333333   2              0.02           4              0.01           1.58299        1.27004        0.27707        1.73482        0.52218        0.2805         1.91698        0.74516        0.16312        
40       NO_ID      1.133333333    0.2066666667   0.8333333333   2              0.34           4              0.01           3.30033        2.59225        0.39441        5.45775        2.31096        0.55899        7.22923        2.07396        0.64452        
41       NO_ID      1.133333333    0.2066666667   1.2            6.333333333    0.5            1              0.2            0              0              0              0              0              0              0              0              0              
42       NO_ID      1.133333333    0.2066666667   1.2            15             0.5            1              0.2            0              0              0              0              0              0              0              0              0              
43       NO_ID      1.8            0.2066666667   1.2            15             0.5            1              0.2            0              0              0              0              0              0              0              0              0              
44       NO_ID      1.8            0.2066666667   1.2            15             0.5            7              0.2            0              0              0              0              0              0              0              0              0              
45       NO_ID      1.8            0.12           1.2            15             0.5            7              0.2            0              0              0              0              0              0              0              0              0              
46       NO_ID      1.8            0.12           1.2            15             0.5            7              0.07333333333  0              0              0              0              0              0              0              0              0              
47       NO_ID      1.8            0.12           1.2            15             0.18           7              0.07333333333  4.27311        3.80632        0.30681        5.90851        3.40102        0.37238        7.82998        3.09823        0.42461        
48       NO_ID      1.8            0.12           0.4666666667   15             0.18           7              0.07333333333  8.44076        3.8534         0.61417        12.65766       3.46843        0.81024        17.35075       3.21163        0.95266        
49       NO_ID      0.8            0.12           0.1            10.66666667    0.02           4              0.1366666667   14.72746       11.36252       0.35932        19.87179       7.29179        0.58644        23.96907       4.57418        0.68718        
50       NO_ID      0.8            0.12           0.1            10.66666667    0.02           4              0.01           17.03163       10.36364       0.44073        21.23288       6.6388         0.62832        26.21723       4.33659        0.74265        
51       NO_ID      0.8            0.2066666667   0.1            10.66666667    0.02           4              0.01           6.10604        4.93699        0.35435        9.71646        4.36409        0.53244        11.59601       3.87749        0.54851        
52       NO_ID      0.8            0.2066666667   0.1            2              0.02           4              0.01           4.19727        2.71769        0.43759        3.73932        1.2347         0.57696        5.76923        1.45048        0.35474        
53       NO_ID      0.8            0.2066666667   0.1            2              0.02           10             0.01           4.37545        2.86336        0.4264         3.89213        1.29018        0.54828        5.79502        1.34479        0.47649        
54       NO_ID      1.466666667    0.2066666667   0.1            2              0.02           10             0.01           5.51615        2.09563        0.66799        5.74713        1.45736        0.83095        7.10299        1.25326        0.45704        
55       NO_ID      1.466666667    0.2066666667   0.1            2              0.34           10             0.01           8.87199        3.46605        0.86812        14.94624       3.31017        1.17276        20.41116       3.16808        1.32066        
56       NO_ID      1.466666667    0.2066666667   0.8333333333   2              0.34           10             0.01           3.43643        2.51971        0.43567        5.64289        2.25716        0.59816        7.44624        2.02899        0.70154        
57       NO_ID      1.133333333    0.1633333333   1.2            6.333333333    0.18           7              0.2            2.38338        4.39209        0.16471        3.70077        3.91343        0.22857        5.09058        3.43319        0.27767        
58       NO_ID      1.133333333    0.1633333333   1.2            15             0.18           7              0.2            2.39685        3.10346        0.23862        3.68615        2.94396        0.29696        5.0576         2.68763        0.33788        
59       NO_ID      1.133333333    0.1633333333   1.2            15             0.5            7              0.2            0              0              0              0              0              0              0              0              0              
60       NO_ID      1.8            0.1633333333   1.2            15             0.5            7              0.2            0              0              0              0              0              0              0              0              0              
61       NO_ID      1.8            0.1633333333   0.4666666667   15             0.5            7              0.2            0              0              0              0              0              0              0              0              0              
62       NO_ID      1.8            0.25           0.4666666667   15             0.5            7              0.2            0              0              0              0              0              0              0              0              0              
63       NO_ID      1.8            0.25           0.4666666667   15             0.5            1              0.2            0              0              0              0              0              0              0              0              0              
64       NO_ID      1.8            0.25           0.4666666667   15             0.5            1              0.07333333333  0              0              0              0              0              0              0              0              0              
65       NO_ID      1.466666667    0.12           0.1            2              0.34           1              0.1366666667   0              0              0              0              0              0              0              0              0              
66       NO_ID      1.466666667    0.12           0.1            2              0.34           1              0.01           16.4311        4.88808        0.86434        25.8427        4.43136        1.14877        34.86005       4.1112         1.33519        
67       NO_ID      0.8            0.12           0.1            2              0.34           1              0.01           9.58248        4.8046         0.52056        14.81481       4.45807        0.66197        20.27417       4.14486        0.75101        
68       NO_ID      0.8            0.12           0.8333333333   2              0.34           1              0.01           5.67073        5.05351        0.33241        9.00901        4.31324        0.49979        12.27154       3.9667         0.54521        
69       NO_ID      0.8            0.12           0.8333333333   2              0.02           1              0.01           2.10875        2.94272        0.14148        2.34388        0.8553         0.14866        2.75971        0.71629        0.08667        
70       NO_ID      0.8            0.2066666667   0.8333333333   2              0.02           1              0.01           1.38559        1.29935        0.2344         1.59653        0.5166         0.25833        1.79191        0.76718        0.15538        
71       NO_ID      0.8            0.2066666667   0.8333333333   2              0.02           7              0.01           1.37741        1.32651        0.24626        1.52605        0.51563        0.25488        1.79329        0.71422        0.15639        
72       NO_ID      0.8            0.2066666667   0.8333333333   10.66666667    0.02           7              0.01           2.26757        2.34935        0.25684        2.44456        1.57377        0.3221         2.63009        1.78995        0.24333        
73       NO_ID      1.8            0.1633333333   0.1            6.333333333    0.02           4              0.2            10.1626        6.57475        0.46995        12.80992       4.35636        0.73388        15.55556       2.73315        0.83683        
74       NO_ID      1.8            0.1633333333   0.1            15             0.02           4              0.2            0              0              0              0              0              0              19.5258        4.0067         0.85931        
75       NO_ID      1.8            0.25           0.1            15             0.02           4              0.2            0              0              0              8.13008        3.06988        0.69773        10.37946       2.8476         0.76979        
76       NO_ID      1.8            0.25           0.1            15             0.02           10             0.2            3.89864        3.29821        0.38769        7.37179        3.08029        0.6856         9.85816        2.88709        0.76721        
77       NO_ID      1.8            0.25           0.1            15             0.34           10             0.2            0              0              0              0              0              0              9.8661         1.26168        1.53055        
78       NO_ID      1.8            0.25           0.8333333333   15             0.34           10             0.2            2.23821        1.36694        0.53966        3.6001         1.29353        0.72068        5.30478        1.17589        0.9088         
79       NO_ID      1.8            0.25           0.8333333333   15             0.34           10             0.07333333333  2.60999        1.3565         0.61355        3.87597        1.22095        0.7961         5.40016        1.13691        0.91941        
80       NO_ID      1.133333333    0.25           0.8333333333   15             0.34           10             0.07333333333  2.13773        1.37649        0.51438        3.2932         1.2663         0.69336        4.58701        1.18098        0.80409        
