%eval_id interface desired_speed  radius         time_gap       strength_neighbor range_neighbor flow_2.4       density_2.4    speed_2.4      flow_3.6       density_3.6    speed_3.6      flow_5.0       density_5.0    speed_5.0      
1        NO_ID      1.104957766    0.1400098202   0.6814234261   8.385146557    0.2206222813   5.54236        3.7142         0.41978        8.28861        3.23023        0.60503        11.85567       2.8374         0.75941        
2        NO_ID      1.325569746    0.1815432469   0.3172066942   8.013393885    0.1089502642   7.08522        4.45592        0.44175        11.05845       3.68077        0.74023        14.94624       3.26309        0.88857        
3        NO_ID      1.525185049    0.2090467206   0.9506881502   3.904320867    0.275869912    3.1617         2.76973        0.31632        4.81596        2.22938        0.48499        6.46869        1.96675        0.5831         
4        NO_ID      1.193896473    0.155036023    0.5546217327   3.10802392     0.02090505704  3.04414        2.64446        0.26125        3.5035         1.13198        0.37082        3.86534        1.00602        0.20495        
5        NO_ID      1.440479638    0.1716524616   0.3831906903   6.944787827    0.1279731097   7.31452        4.64845        0.44034        10.91549       3.71822        0.70204        14.77886       3.20334        0.85378        
6        NO_ID      1.017925862    0.1732609066   0.1091466981   4.848535084    0.287374664    7.67544        3.24918        0.64445        11.39497       2.9473         0.84092        15.4057        2.85012        0.93991        
7        NO_ID      1.02037496     0.1630871522   0.88180179     2.697858251    0.1866042246   4.2735         4.61525        0.25878        6.1008         3.81149        0.38193        8.02899        3.03416        0.48473        
8        NO_ID      1.200597524    0.2072486903   0.9255495907   2.074720024    0.2425001123   3.12779        2.8813         0.318          5.04505        2.30002        0.51205        5.85355        2.30662        0.49017        
9        NO_ID      0.8214144976   0.2360690887   0.1351623272   2.867969733    0.2144091708   3.84721        3.18428        0.42137        6.80272        3.08328        0.67117        10.37037       3.02463        0.75747        
10       NO_ID      1.084144858    0.2381750855   0.7831489649   5.463899007    0.2828176783   2.82315        2.28386        0.35967        4.2735         1.88211        0.57094        6.16228        1.64891        0.71376        
11       NO_ID      1.269063446    0.1662213631   0.6869626608   6.605205253    0.03787294412  4.63883        3.82678        0.34325        5.01078        2.45887        0.44206        5.32117        1.91507        0.38435        
12       NO_ID      0.8110159581   0.1584071049   0.362410441    7.295017721    0.05560200501  6.74891        6.06289        0.31568        9.68188        4.66319        0.48865        12.08981       3.13815        0.63821        
13       NO_ID      1.292982881    0.1881719851   0.2262165324   7.583606004    0.1773616797   7.82998        3.67073        0.62225        11.91688       3.31717        0.88543        16.91087       3.05461        1.05565        
14       NO_ID      1.438266029    0.124245672    0.5291920026   9.620020869    0.1447384651   8.21637        5.56386        0.39813        11.96028       4.70838        0.5595         15.92466       4.24854        0.62361        
15       NO_ID      1.168816197    0.2298082001   0.344362013    7.101114812    0.08530699951  4.44976        3.188          0.39591        7.21278        2.60058        0.67234        9.25184        2.49714        0.75491        
16       NO_ID      0.8767989808   0.1599956815   0.4213784769   6.138295502    0.1518743514   6.28084        5.072          0.35713        9.88701        4.34687        0.55736        13.82236       3.76759        0.72538        
17       NO_ID      1.222907403    0.193685247    0.6189348205   8.65546461     0.2987961548   4.06504        2.26253        0.53017        6.2978         2.01314        0.80593        8.69025        1.86637        0.94696        
18       NO_ID      0.9778589392   0.1958072451   0.8977899739   2.368757419    0.1198472067   3.24525        3.27571        0.28328        4.02597        2.39403        0.43088        4.53216        1.81875        0.431          
19       NO_ID      1.389852718    0.2261235854   0.4557526245   4.412305786    0.03226498021  3.48519        2.0036         0.47812        3.9548         1.17984        0.7141         4.44868        1.22075        0.51066        
20       NO_ID      1.568302024    0.2477762436   0.7408806745   8.414512427    0.1569989932   2.82486        2.34822        0.33521        4.2156         1.89224        0.50234        5.69801        1.65505        0.64145        
21       NO_ID      1.411817256    0.2323129825   0.2620754769   3.565225615    0.1974494766   5.82177        2.97634        0.58071        9.26667        2.55133        0.93036        13.51744       2.3147         1.19258        
22       NO_ID      1.14187103     0.1287526982   0.4120991211   3.665161432    0.2529838516   9.20447        4.99402        0.52315        14.85623       4.35339        0.83142        21.57321       3.85631        1.00428        
23       NO_ID      0.930216552    0.2009342108   0.290297944    9.598060238    0.2072132663   5.06146        2.86449        0.53218        7.59563        2.6397         0.72932        10.6198        2.4996         0.82589        
24       NO_ID      1.249136664    0.2220945857   0.2415653374   6.296489161    0.2292754766   5.74713        2.87384        0.61672        8.94231        2.58877        0.87762        12.78539       2.4234         1.03297        
25       NO_ID      0.8858180949   0.2038790199   0.6515657887   9.035212423    0.1384870798   3.4138         3.38085        0.28911        5.23169        2.82195        0.45097        7.03871        2.51156        0.53207        
26       NO_ID      1.042511706    0.2122284806   0.7625327599   5.646116841    0.04931470377  3.08642        3.04728        0.28652        4.51895        1.55791        0.67132        3.95673        1.73147        0.40438        
27       NO_ID      1.519472965    0.1818169971   0.589613016    3.314558773    0.1938947223   5.62927        3.90383        0.41308        8.13008        3.21149        0.59205        10.95462       2.75887        0.73156        
28       NO_ID      0.8541629564   0.2403251321   0.7230842593   7.841393227    0.2363978268   2.44584        2.31292        0.31939        3.99886        1.98966        0.50081        5.4902         1.82076        0.60629        
29       NO_ID      1.060812615    0.2156302802   0.9705065594   4.08902901     0.06866470872  2.60708        2.92016        0.25405        3.663          1.6944         0.53329        4.01502        1.37801        0.48422        
30       NO_ID      1.121029344    0.2177997053   0.8541121289   5.161404535    0.04181351613  2.67125        2.55251        0.29798        3.4904         1.30205        0.55992        3.11453        1.58156        0.35216        
31       NO_ID      0.9024265716   0.1344314746   0.5995310211   5.394320522    0.2711733591   6.02929        3.84101        0.44511        9.13242        3.38867        0.64565        12.92705       3.14177        0.76298        
32       NO_ID      1.548047213    0.2442314271   0.5152289968   9.938530123    0.09953155432  3.42382        2.59675        0.36955        5.50948        2.05368        0.62505        7.16487        1.87967        0.72455        
33       NO_ID      1.30431154     0.1316565149   0.1843335423   2.533626961    0.09378713771  16.4311        7.58929        0.63788        21.02102       4.48831        1.01971        27.18254       3.20161        1.20134        
34       NO_ID      1.491177082    0.1442274752   0.8056526603   5.804245148    0.1731677752   5.1395         5.0827         0.27714        7.57576        4.02958        0.41687        10.02179       3.49262        0.48972        
35       NO_ID      1.475316527    0.151712412    0.835922949    7.719332755    0.2605615841   4.72081        3.15524        0.41188        6.82261        2.79432        0.54966        9.23695        2.45097        0.67093        
36       NO_ID      1.373525098    0.1775848716   0.466254494    6.530095372    0.248435659    5.96628        3.18028        0.53686        9.26654        2.77871        0.80158        13.05556       2.46884        1.06006        
37       NO_ID      1.591055439    0.1371434903   0.1555511555   4.228519869    0.114682777    17.96368       7.38303        0.69226        28.41365       5.99123        1.10412        37.77778       4.77273        1.40274        
38       NO_ID      1.347078101    0.1477701093   0.1960578006   4.660452723    0.07365937225  13.49664       6.76878        0.57403        18.46667       4.90609        0.84479        23.18105       3.29275        1.11703        
39       NO_ID      0.9887412388   0.1209214565   0.984616402    9.230372199    0.1650842365   4.78142        5.15646        0.24951        6.91358        4.52108        0.33072        9.04393        3.95862        0.382          
40       NO_ID      0.9513862265   0.1887138313   0.4909178064   8.839795205    0.08077128247  4.54398        4.27078        0.29736        6.8326         3.51217        0.46058        9.3108         2.98682        0.58723        
41       NO_ID      1.50446646     0.2350835407   0.443047048    5.022688817    0.2407368523   4.2618         2.41805        0.55167        6.72983        2.16105        0.78697        9.89247        1.89838        1.06184        
42       NO_ID      1.564641968    0.2135782987   0.8117347548   4.868066495    0.166811598    3.34288        2.9718         0.30866        4.79124        2.42564        0.46364        6.23874        2.20431        0.5487         
43       NO_ID      0.9013709984   0.1939174456   0.9363816606   3.135199318    0.1349275597   3.00776        3.68109        0.23496        4.59601        2.77959        0.39781        5.19432        2.4966         0.39138        
44       NO_ID      1.45183052     0.1462463117   0.4172629985   5.713276295    0.2478382961   8.39329        3.85131        0.6108         12.5           3.38415        0.89024        18.15245       3.0171         1.09048        
45       NO_ID      1.289086236    0.1641290309   0.3831384271   8.534866075    0.2518850611   6.4905         2.96007        0.63438        9.95025        2.67439        0.89782        13.78968       2.48887        1.02728        
46       NO_ID      1.099858471    0.2435015562   0.5288846662   8.742977333    0.1705425968   3.17893        2.48177        0.36905        4.91228        2.14248        0.56499        6.87285        1.91203        0.71646        
47       NO_ID      1.26745623     0.1583344149   0.9739962017   5.501631486    0.1025218264   3.75606        5.09656        0.20221        5.1395         4.03092        0.3029         6.68577        2.97517        0.42109        
48       NO_ID      1.463061786    0.195958936    0.2712608613   7.869103468    0.03050395886  7.08144        3.96158        0.4992         7.24638        2.83444        0.60914        8.40895        2.2357         0.62904        
49       NO_ID      0.8072216755   0.2233980428   0.3568885052   8.211374514    0.191779105    3.76041        2.89683        0.40489        5.86265        2.63421        0.55814        8.2736         2.47125        0.68268        
50       NO_ID      1.375771783    0.1432781922   0.3034456942   9.757808851    0.1172701767   10.18116       5.58917        0.50613        15.34653       4.71393        0.75192        21.518         3.95527        1.01503        
51       NO_ID      1.343144893    0.2195614863   0.5791306036   4.165974007    0.1102748629   4.1116         2.99877        0.38794        6.08639        2.36718        0.63711        7.10299        1.9499         0.6978         
52       NO_ID      0.8861225459   0.2149900669   0.9067839947   2.959265203    0.05703339424  2.28087        2.49712        0.27399        3.32621        1.07245        0.62429        3.16384        1.45676        0.3444         
53       NO_ID      1.589590146    0.228109058    0.4712932752   3.489182822    0.2832631921   4.62046        2.4947         0.578          7.38696        2.17154        0.82714        10.42137       1.87299        1.09047        
54       NO_ID      0.925673789    0.1514583809   0.1490171238   7.364646712    0.2964384219   5.89226        2.75401        0.57335        8.64198        2.5406         0.77253        11.71285       2.4318         0.83532        
55       NO_ID      1.544859564    0.208186209    0.1257690241   4.2920737      0.04392293336  9.64187        4.02946        0.68125        13.04143       2.9326         1.07273        13.71681       2.60924        0.95564        
56       NO_ID      1.412349084    0.1273925718   0.8873767006   6.385505855    0.2080427613   5.57547        4.73193        0.31734        7.76484        4.09083        0.41537        10.06565       3.62445        0.48087        
57       NO_ID      1.232410254    0.2476455455   0.7690531012   9.082883772    0.1590382356   2.54806        2.35221        0.30319        3.88565        1.98137        0.44556        5.33333        1.69296        0.58034        
58       NO_ID      0.8689162036   0.1743730185   0.6843525003   9.895418328    0.05440066307  3.9034         4.78039        0.22685        5.55556        3.65839        0.36583        6.64269        2.87382        0.42509        
59       NO_ID      0.9642578867   0.2264720837   0.1119579204   6.96325385     0.2764307237   4.7619         2.40079        0.60662        7.15385        2.21088        0.81521        9.88701        2.09114        0.88445        
60       NO_ID      1.021511328    0.1668735294   0.8529780941   4.526954644    0.2201473177   4.23831        4.0495         0.29281        6.01732        3.40328        0.4111         8.71795        2.99527        0.5244         
61       NO_ID      1.312374732    0.2432919096   0.6397325369   6.005406375    0.1958045256   3.13199        2.44874        0.36757        4.87847        2.01055        0.5899         6.52681        1.78023        0.70309        
62       NO_ID      0.9907758532   0.1533916445   0.6555312138   2.571323632    0.174396901    5.52923        5.40659        0.29185        8.46995        4.36494        0.44806        11.20482       3.29026        0.58286        
63       NO_ID      1.042516421    0.1298485119   0.9175191169   8.981671604    0.08768151306  4.59941        6.94541        0.17778        6.60066        5.24793        0.27937        8.70647        3.8594         0.38195        
64       NO_ID      0.9415299256   0.2325736719   0.2355630689   3.743075814    0.07530497611  4.55436        3.43567        0.39547        7.57576        2.83833        0.68548        9.34959        2.34678        0.80394        
65       NO_ID      1.063675446    0.1819004627   0.8338902541   7.580802495    0.1849753152   3.5515         3.55052        0.28226        5.31429        2.99066        0.41432        7.60281        2.52663        0.53393        
66       NO_ID      1.520618584    0.1403994957   0.7183415437   4.756000644    0.2143348109   5.99059        4.86378        0.34409        9.20447        3.94474        0.51878        12.10164       3.40989        0.61293        
67       NO_ID      1.149955657    0.1855874061   0.2073055081   5.238256658    0.1267513226   8.27423        4.73293        0.50335        12.99907       4.06895        0.79174        18.66667       3.6632         0.97992        
68       NO_ID      1.108727142    0.1360612217   0.5515833196   6.410595004    0.2638956886   6.40675        3.58753        0.50418        9.78337        3.21055        0.71128        14.19192       2.86901        0.89321        
69       NO_ID      1.128670686    0.2391291852   0.794000057    9.547064837    0.224212575    2.57258        2.22166        0.34258        3.89538        1.89429        0.50009        5.74713        1.66096        0.67861        
70       NO_ID      1.172334106    0.1765206136   0.3323409401   7.05038606     0.0673490797   6.93413        4.99152        0.38861        10.07919       4.09829        0.5956         12.37712       2.76833        0.79531        
71       NO_ID      1.191666238    0.1804993657   0.6138753267   5.974297909    0.2362794453   4.82094        3.3842         0.41689        7.51476        2.82183        0.65305        10.67119       2.4742         0.87047        
72       NO_ID      1.435974365    0.2070244766   0.9961397183   3.93431405     0.1454387443   2.76134        3.18451        0.24131        4.45718        2.42094        0.4276         5.19553        2.21879        0.44401        
73       NO_ID      0.8576812934   0.2031902605   0.6877935456   6.644067266    0.07743947686  3.298          3.61103        0.25579        5.52923        2.61074        0.50494        5.97686        2.66436        0.44507        
74       NO_ID      1.219581545    0.1710079862   0.742005886    8.037390199    0.2915383352   4.24628        2.60958        0.46158        6.38736        2.28248        0.67352        8.96934        2.05462        0.86413        
75       NO_ID      1.482492435    0.1200414553   0.3925959949   7.604604595    0.02062004499  6.77843        4.94983        0.32541        7.61589        2.27479        0.49164        9.13556        1.40441        0.3382         
76       NO_ID      1.24586709     0.1991878154   0.2252589974   2.081255437    0.1528246052   7.0348         3.89755        0.6281         11.93521       3.14595        0.93625        14.16155       2.53713        1.03102        
77       NO_ID      1.385510169    0.1377500315   0.2814820724   9.34318314     0.123201725    11.05807       5.72534        0.54016        16.84717       4.89787        0.80581        23.88316       4.23901        1.01068        
78       NO_ID      1.00840533     0.1622045856   0.1832954528   3.2211483      0.09162248746  10.279         6.11303        0.51351        15.92719       4.77345        0.81789        17.28395       3.11083        0.96317        
79       NO_ID      1.327962738    0.18967812     0.4983862641   2.773390738    0.03702062757  3.75738        2.07117        0.46111        4.24628        1.38393        0.58455        4.4127         1.15655        0.36075        
80       NO_ID      0.8376848286   0.1232524229   0.5230224153   2.208413904    0.2655104196   7.62527        6.15183        0.37893        12.18451       5.17764        0.55856        18.00766       4.43362        0.72695        
81       NO_ID      1.104957766    0.2350835407   0.443047048    5.022688817    0.2407368523   3.91171        2.52348        0.46822        5.82605        2.31096        0.63577        8.75706        2.04753        0.9034         
82       NO_ID      1.325569746    0.2135782987   0.8117347548   4.868066495    0.166811598    3.1362         3.05598        0.28723        5.14815        2.30101        0.53414        6.31793        2.1872         0.56264        
83       NO_ID      1.525185049    0.1939174456   0.9363816606   3.135199318    0.1349275597   3.30969        3.5003         0.26593        4.69697        2.67947        0.40051        5.50333        2.29125        0.44288        
84       NO_ID      1.193896473    0.1462463117   0.4172629985   5.713276295    0.2478382961   7.51212        3.89257        0.53712        11.80203       3.44259        0.81274        16.84915       3.11948        1.0294         
85       NO_ID      1.440479638    0.1641290309   0.3831384271   8.534866075    0.2518850611   6.93193        2.93853        0.68218        10.53424       2.6295         0.97841        14.85043       2.42812        1.14524        
86       NO_ID      1.017925862    0.2435015562   0.5288846662   8.742977333    0.1705425968   3.07828        2.52437        0.3527         4.86618        2.13672        0.56686        6.7731         1.93297        0.71398        
87       NO_ID      1.02037496     0.1583344149   0.9739962017   5.501631486    0.1025218264   3.60186        5.20608        0.19092        5.13966        3.89788        0.32028        6.58971        3.00149        0.40334        
88       NO_ID      1.200597524    0.195958936    0.2712608613   7.869103468    0.03050395886  6.49441        4.08498        0.45112        7.40741        3.19278        0.56007        8.31837        2.34191        0.58537        
89       NO_ID      0.8214144976   0.2233980428   0.3568885052   8.211374514    0.191779105    3.80331        2.88783        0.39689        5.97686        2.61141        0.58072        8.40841        2.48169        0.68247        
90       NO_ID      1.084144858    0.1432781922   0.3034456942   9.757808851    0.1172701767   9.3226         5.67341        0.46515        14.29309       4.86276        0.70155        20.24854       4.24205        0.88847        
91       NO_ID      1.269063446    0.2195614863   0.5791306036   4.165974007    0.1102748629   3.8388         3.09348        0.353          5.54893        2.50936        0.54359        7.2884         1.98916        0.7079         
92       NO_ID      0.8110159581   0.2149900669   0.9067839947   2.959265203    0.05703339424  2.38949        2.6242         0.27233        3.36226        1.18213        0.59733        2.82865        1.53164        0.31386        
93       NO_ID      1.292982881    0.228109058    0.4712932752   3.489182822    0.2832631921   3.99543        2.58906        0.51254        6.62423        2.23467        0.7754         9.39824        1.93175        1.0313         
94       NO_ID      1.438266029    0.1514583809   0.1490171238   7.364646712    0.2964384219   8.57664        2.72964        0.84186        12.92705       2.50099        1.15816        17.54386       2.40169        1.26917        
95       NO_ID      1.168816197    0.208186209    0.1257690241   4.2920737      0.04392293336  7.81686        4.33319        0.52712        11.68342       3.35974        0.84838        13.71681       2.5688         0.91078        
96       NO_ID      0.8767989808   0.1273925718   0.8873767006   6.385505855    0.2080427613   4.88656        4.78295        0.29276        7.54098        4.07236        0.42926        10.10101       3.71297        0.46086        
97       NO_ID      1.222907403    0.2476455455   0.7690531012   9.082883772    0.1590382356   2.53348        2.34517        0.30272        3.88889        1.94064        0.4747         5.48374        1.69978        0.57133        
98       NO_ID      0.9778589392   0.1743730185   0.6843525003   9.895418328    0.05440066307  4.18911        4.59545        0.25342        5.89354        3.49932        0.41339        6.4645         2.75327        0.44833        
99       NO_ID      1.389852718    0.2264720837   0.1119579204   6.96325385     0.2764307237   6.56353        2.38338        0.84097        9.78337        2.17835        1.12305        13.71681       2.08141        1.24107        
100      NO_ID      1.568302024    0.1668735294   0.8529780941   4.526954644    0.2201473177   4.37363        4.02739        0.3087         6.39456        3.38242        0.42665        8.53358        2.92534        0.51312        
101      NO_ID      1.411817256    0.2432919096   0.6397325369   6.005406375    0.1958045256   3.29567        2.39628        0.39759        4.7985         2.02223        0.56044        6.71498        1.78882        0.70548        
102      NO_ID      1.14187103     0.1533916445   0.6555312138   2.571323632    0.174396901    5.88608        5.30838        0.31438        8.36331        4.16196        0.47132        11.25908       3.27467        0.60989        
103      NO_ID      0.930216552    0.1298485119   0.9175191169   8.981671604    0.08768151306  4.63883        6.94638        0.18031        6.60066        5.39725        0.27322        8.4392         3.88102        0.3771         
104      NO_ID      1.249136664    0.2325736719   0.2355630689   3.743075814    0.07530497611  5.43818        3.2639         0.48684        8.53066        2.46948        0.88043        10.32811       2.18232        0.92121        
105      NO_ID      0.8858180949   0.1819004627   0.8338902541   7.580802495    0.1849753152   3.45679        3.56389        0.28203        5.22472        3.0281         0.41959        7.23615        2.59529        0.54285        
106      NO_ID      1.042511706    0.1403994957   0.7183415437   4.756000644    0.2143348109   5.68413        4.87357        0.33428        9.02376        4.0625         0.52923        12.12914       3.4586         0.60521        
107      NO_ID      1.519472965    0.1855874061   0.2073055081   5.238256658    0.1267513226   9.46128        4.53665        0.59982        14.89818       3.80723        0.97137        21.37346       3.39039        1.2131         
108      NO_ID      0.8541629564   0.1360612217   0.5515833196   6.410595004    0.2638956886   5.78358        3.59982        0.44846        8.56269        3.22181        0.61994        11.7094        3.03115        0.71169        
109      NO_ID      1.060812615    0.2391291852   0.794000057    9.547064837    0.224212575    2.52936        2.23959        0.33714        4.00916        1.88243        0.51051        5.49687        1.71182        0.59201        
110      NO_ID      1.121029344    0.1765206136   0.3323409401   7.05038606     0.0673490797   7.0005         4.91071        0.4008         10.44944       3.93338        0.64379        12.75046       2.8912         0.80455        
111      NO_ID      0.9024265716   0.1804993657   0.6138753267   5.974297909    0.2362794453   4.32099        3.42424        0.36603        6.69536        2.99248        0.55405        9.49931        2.6661         0.72211        
112      NO_ID      1.548047213    0.2070244766   0.9961397183   3.93431405     0.1454387443   2.91121        3.1083         0.25978        4.51895        2.32195        0.4486         5.51601        2.13757        0.49647        
113      NO_ID      1.30431154     0.2031902605   0.6877935456   6.644067266    0.07743947686  3.57325        3.53249        0.28126        5.76208        2.52961        0.53488        6.34058        2.22621        0.53815        
114      NO_ID      1.491177082    0.1710079862   0.742005886    8.037390199    0.2915383352   4.59318        2.56813        0.4968         6.82702        2.23513        0.72178        9.59806        2.02764        0.92441        
115      NO_ID      1.475316527    0.1200414553   0.3925959949   7.604604595    0.02062004499  6.79282        5.01116        0.32379        7.64349        2.40909        0.48199        8.90805        1.38555        0.33326        
116      NO_ID      1.373525098    0.1991878154   0.2252589974   2.081255437    0.1528246052   7.24751        3.54204        0.72031        10.39347       2.34444        1.1942         15.39735       2.44048        1.17315        
117      NO_ID      1.591055439    0.1377500315   0.2814820724   9.34318314     0.123201725    11.65381       5.80632        0.55105        17.55051       4.79784        0.86354        24.51499       4.17763        1.04857        
118      NO_ID      1.347078101    0.1622045856   0.1832954528   3.2211483      0.09162248746  12.23684       5.89567        0.61085        17.8117        4.07387        1.04393        21.66667       3.08565        1.15045        
119      NO_ID      0.9887412388   0.18967812     0.4983862641   2.773390738    0.03702062757  3.55317        2.21045        0.41604        4.18535        1.49658        0.6162         4.3573         1.16688        0.33764        
120      NO_ID      0.9513862265   0.1232524229   0.5230224153   2.208413904    0.2655104196   8.14427        6.01014        0.40858        12.80992       5.1614         0.59516        18.6747        4.43857        0.7555         
121      NO_ID      1.50446646     0.1400098202   0.443047048    5.022688817    0.2407368523   8.70787        4.32176        0.57235        13.30409       3.76458        0.84493        18.87052       3.22604        1.08737        
122      NO_ID      1.564641968    0.1815432469   0.8117347548   4.868066495    0.166811598    4.02299        3.88212        0.28881        5.94629        3.10755        0.44198        8.01505        2.71323        0.5495         
123      NO_ID      0.9013709984   0.2090467206   0.9363816606   3.135199318    0.1349275597   2.79274        3.16238        0.25323        4.29316        2.31092        0.44064        4.88959        2.2297         0.43585        
124      NO_ID      1.45183052     0.155036023    0.4172629985   5.713276295    0.2478382961   7.85634        3.72449        0.59134        11.89863       3.24963        0.86818        16.85117       2.88078        1.13287        
125      NO_ID      1.289086236    0.1716524616   0.3831384271   8.534866075    0.2518850611   6.2249         2.84712        0.63217        9.6473         2.60019        0.89797        13.2948        2.412          1.05572        
126      NO_ID      1.099858471    0.1732609066   0.5288846662   8.742977333    0.1705425968   5.23169        3.84558        0.38863        7.81686        3.27849        0.57787        11.21872       2.81315        0.80248        
127      NO_ID      1.26745623     0.1630871522   0.9739962017   5.501631486    0.1025218264   3.60918        4.91734        0.20104        4.88959        3.87342        0.30356        6.24715        2.98961        0.40242        
128      NO_ID      1.463061786    0.2072486903   0.2712608613   7.869103468    0.03050395886  6.37523        3.56607        0.50781        6.98437        2.55934        0.65775        7.95003        2.19904        0.61873        
129      NO_ID      0.8072216755   0.2360690887   0.3568885052   8.211374514    0.191779105    3.4904         2.68605        0.40354        5.40801        2.43368        0.57447        7.75194        2.29596        0.69093        
130      NO_ID      1.375771783    0.2381750855   0.3034456942   9.757808851    0.1172701767   4.7619         2.86679        0.4793         7.45474        2.45073        0.73233        10.66514       2.20783        0.94914        
131      NO_ID      1.343144893    0.1662213631   0.5791306036   4.165974007    0.1102748629   5.88608        4.78982        0.34526        7.80985        3.88378        0.47402        9.34959        2.94625        0.55946        
132      NO_ID      0.8861225459   0.1584071049   0.9067839947   2.959265203    0.05703339424  3.54072        3.55762        0.28813        3.56214        2.22442        0.32913        4.19708        1.70823        0.30791        
133      NO_ID      1.589590146    0.1881719851   0.4712932752   3.489182822    0.2832631921   6              3.3565         0.52044        9.42761        2.77074        0.84259        13.42054       2.49689        1.03682        
134      NO_ID      0.925673789    0.124245672    0.1490171238   7.364646712    0.2964384219   6.45459        3.00464        0.55923        9.5679         2.76181        0.76142        12.94227       2.64574        0.84343        
135      NO_ID      1.544859564    0.2298082001   0.1257690241   4.2920737      0.04392293336  7.69868        3.54044        0.62568        10.21978       2.34258        1.07949        12.36559       2.34297        0.98085        
136      NO_ID      1.412349084    0.1599956815   0.8873767006   6.385505855    0.2080427613   4.31699        3.90167        0.30644        6.26685        3.33854        0.41526        8.15603        2.91846        0.49007        
137      NO_ID      1.232410254    0.193685247    0.7690531012   9.082883772    0.1590382356   3.63895        3.35182        0.29951        5.41377        2.81017        0.44641        7.15746        2.45761        0.52174        
138      NO_ID      0.8689162036   0.1958072451   0.6843525003   9.895418328    0.05440066307  3.37675        3.90391        0.24225        5.34627        2.94877        0.43789        5.77722        2.33944        0.49623        
139      NO_ID      0.9642578867   0.2261235854   0.1119579204   6.96325385     0.2764307237   4.70648        2.39582        0.60175        7.28029        2.19598        0.8075         10.01431       2.07212        0.8936         
140      NO_ID      1.021511328    0.2477762436   0.8529780941   4.526954644    0.2201473177   2.36287        2.37827        0.28534        3.63331        1.95238        0.44273        5.39443        1.65411        0.63019        
141      NO_ID      1.312374732    0.2323129825   0.6397325369   6.005406375    0.1958045256   3.47222        2.57395        0.38564        5.0931         2.19209        0.5573         7.03203        1.97499        0.67203        
142      NO_ID      0.9907758532   0.1287526982   0.6555312138   2.571323632    0.174396901    6.42265        6.93522        0.27502        10.64073       5.11008        0.49942        13.40996       3.84926        0.58863        
143      NO_ID      1.042516421    0.2009342108   0.9175191169   8.981671604    0.08768151306  2.76457        3.54756        0.21531        4.22385        2.73701        0.35729        5.25627        2.503          0.39795        
144      NO_ID      0.9415299256   0.2220945857   0.2355630689   3.743075814    0.07530497611  4.96642        3.69874        0.39453        7.96233        3.0235         0.65759        10.34226       2.29677        0.82801        
145      NO_ID      1.063675446    0.2038790199   0.8338902541   7.580802495    0.1849753152   3.09256        3.09342        0.27852        4.63423        2.62543        0.40307        6.58697        2.18273        0.56771        
146      NO_ID      1.520618584    0.2122284806   0.7183415437   4.756000644    0.2143348109   3.663          2.97493        0.34631        5.66382        2.33468        0.57176        7.75           2.06204        0.71013        
147      NO_ID      1.149955657    0.1818169971   0.2073055081   5.238256658    0.1267513226   8.3935         4.84266        0.50367        13.21023       4.22956        0.7781         18.8           3.84747        0.9237         
148      NO_ID      1.108727142    0.2403251321   0.5515833196   6.410595004    0.2638956886   3.26797        2.27044        0.44771        5.08906        1.9781         0.64947        7.04935        1.76336        0.83516        
149      NO_ID      1.128670686    0.2156302802   0.794000057    9.547064837    0.224212575    2.9838         2.47307        0.34623        4.5858         2.11541        0.51724        6.40146        1.8092         0.72015        
150      NO_ID      1.172334106    0.2177997053   0.3323409401   7.05038606     0.0673490797   5.05051        3.49073        0.40757        7.79076        2.88393        0.64963        10.13216       2.60518        0.77481        
151      NO_ID      1.191666238    0.1344314746   0.6138753267   5.974297909    0.2362794453   6.76259        4.16949        0.45806        10.25641       3.58553        0.68223        14.72492       3.0985         0.90126        
152      NO_ID      1.435974365    0.2442314271   0.9961397183   3.93431405     0.1454387443   2.31942        2.39364        0.27269        3.5669         1.84836        0.4535         4.96606        1.52283        0.61286        
153      NO_ID      0.8576812934   0.1316565149   0.6877935456   6.644067266    0.07743947686  5.62954        7.26162        0.21288        7.93651        5.11854        0.35324        9.78337        3.63382        0.43519        
154      NO_ID      1.219581545    0.1442274752   0.742005886    8.037390199    0.2915383352   4.94875        2.82915        0.4996         7.47033        2.48125        0.73902        10.29963       2.29901        0.87943        
155      NO_ID      1.482492435    0.151712412    0.3925959949   7.604604595    0.02062004499  5.32117        3.83725        0.3518         6.09225        2.40617        0.48727        6.79825        1.53545        0.41138        
156      NO_ID      1.24586709     0.1775848716   0.2252589974   2.081255437    0.1528246052   8.94466        4.92878        0.56448        13.79822       3.75845        0.93777        17.36111       3.18733        0.96596        
157      NO_ID      1.385510169    0.1371434903   0.2814820724   9.34318314     0.123201725    11.28641       5.78174        0.5391         17.02899       4.90717        0.78532        24.00691       4.20655        1.02563        
158      NO_ID      1.00840533     0.1477701093   0.1832954528   3.2211483      0.09162248746  11.70833       7.21589        0.47502        17.41855       5.26217        0.79901        22.24919       3.71549        0.96855        
159      NO_ID      1.327962738    0.1209214565   0.4983862641   2.773390738    0.03702062757  5.78991        4.02328        0.35409        6.42792        1.71841        0.51246        7.80379        1.38654        0.31064        
160      NO_ID      0.8376848286   0.1887138313   0.5230224153   2.208413904    0.2655104196   4.21179        3.66595        0.37663        6.79282        3.25348        0.53217        10.34738       2.88519        0.7057         
161      NO_ID      1.50446646     0.2350835407   0.6814234261   5.022688817    0.2407368523   3.50877        2.35899        0.42805        5.12821        1.99428        0.61347        7.15409        1.72741        0.76473        
162      NO_ID      1.564641968    0.2135782987   0.3172066942   4.868066495    0.166811598    6.20567        3.34756        0.53325        9.81638        2.75332        0.87902        14.22018       2.32143        1.24696        
163      NO_ID      0.9013709984   0.1939174456   0.9506881502   3.135199318    0.1349275597   2.87674        3.72369        0.2212         4.28922        3.00193        0.34134        5.02905        2.59871        0.37561        
164      NO_ID      1.45183052     0.1462463117   0.5546217327   5.713276295    0.2478382961   6.91964        3.8755         0.49974        10.91411       3.28041        0.79713        15.34653       2.81544        0.98739        
165      NO_ID      1.289086236    0.1641290309   0.3831906903   8.534866075    0.2518850611   6.61488        2.98081        0.6335         9.88045        2.67632        0.90166        14.04834       2.49355        1.08065        
166      NO_ID      1.099858471    0.2435015562   0.1091466981   8.742977333    0.1705425968   5.6432         2.73095        0.64731        8.72274        2.54164        0.86784        12.2807        2.43204        0.9564         
167      NO_ID      1.26745623     0.1583344149   0.88180179     5.501631486    0.1025218264   4.04741        5.18956        0.21254        5.69155        4.02048        0.33634        7.1916         2.8577         0.47596        
168      NO_ID      1.463061786    0.195958936    0.9255495907   7.869103468    0.03050395886  2.8633         2.48637        0.31445        3.08031        1.73506        0.41256        3.03928        1.59281        0.28258        
169      NO_ID      0.8072216755   0.2233980428   0.1351623272   8.211374514    0.191779105    4.78632        2.93088        0.50822        7.31964        2.69885        0.66521        10.05061       2.61132        0.73688        
170      NO_ID      1.375771783    0.1432781922   0.7831489649   9.757808851    0.1172701767   4.85605        5.4262         0.2415         6.98198        4.49374        0.34523        9.50413        3.74448        0.43786        
171      NO_ID      1.343144893    0.2195614863   0.6869626608   4.165974007    0.1102748629   3.53268        2.96142        0.33477        5.58223        2.17155        0.59912        7.68595        1.5099         0.96658        
172      NO_ID      0.8861225459   0.2149900669   0.362410441    2.959265203    0.05703339424  4.23857        3.23827        0.39091        5.76132        1.96737        0.70334        5.798          1.69098        0.56169        
173      NO_ID      1.589590146    0.228109058    0.2262165324   3.489182822    0.2832631921   6.76782        2.55051        0.87064        10.75269       2.37685        1.23121        14.53125       2.27581        1.33476        
174      NO_ID      0.925673789    0.1514583809   0.5291920026   7.364646712    0.2964384219   4.98043        2.82192        0.49398        7.61283        2.55846        0.71066        10.35127       2.44088        0.81496        
175      NO_ID      1.544859564    0.208186209    0.344362013    4.2920737      0.04392293336  5.64938        3.05852        0.54498        6.61414        1.92699        0.77467        6.92771        1.73765        0.65292        
176      NO_ID      1.412349084    0.1273925718   0.4213784769   6.385505855    0.2080427613   9.62199        4.73949        0.58163        15.01597       4.03207        0.87403        20.96531       3.60602        1.07787        
177      NO_ID      1.232410254    0.2476455455   0.6189348205   9.082883772    0.1590382356   2.95172        2.39299        0.35433        4.65271        1.98118        0.53775        6.19743        1.812          0.63945        
178      NO_ID      0.8689162036   0.1743730185   0.8977899739   9.895418328    0.05440066307  3.38901        4.53063        0.2033         4.86111        3.21057        0.37504        5.18477        2.45823        0.39048        
179      NO_ID      0.9642578867   0.2264720837   0.4557526245   6.96325385     0.2764307237   3.5461         2.38122        0.46203        5.47731        2.16023        0.66061        7.97721        2.03072        0.80626        
180      NO_ID      1.021511328    0.1668735294   0.7408806745   4.526954644    0.2201473177   4.64345        4.10981        0.31722        6.99248        3.47651        0.48276        9.74304        2.86363        0.62944        
181      NO_ID      1.312374732    0.2432919096   0.2620754769   6.005406375    0.1958045256   5.01792        2.68759        0.55049        7.79076        2.39762        0.81339        11.38211       2.17284        1.06372        
182      NO_ID      0.9907758532   0.1533916445   0.4120991211   2.571323632    0.174396901    7.10673        5.69426        0.39126        11.79681       4.60472        0.6112         16.19385       3.67491        0.76088        
183      NO_ID      1.042516421    0.1298485119   0.290297944    8.981671604    0.08768151306  10.80247       7.47196        0.4036         16.66667       6.14769        0.62146        22.9064        4.97374        0.77067        
184      NO_ID      0.9415299256   0.2325736719   0.2415653374   3.743075814    0.07530497611  4.7043         3.33675        0.41601        7.55124        2.72819        0.68785        9.10585        2.43497        0.74355        
185      NO_ID      1.063675446    0.1819004627   0.6515657887   7.580802495    0.1849753152   4.22705        3.61328        0.33706        6.60066        3.00116        0.54187        9.07007        2.65861        0.65314        
186      NO_ID      1.520618584    0.1403994957   0.7625327599   4.756000644    0.2143348109   5.91122        4.77896        0.33785        8.56269        4.0172         0.453          11.66667       3.45476        0.58452        
187      NO_ID      1.149955657    0.1855874061   0.589613016    5.238256658    0.1267513226   4.73542        4.09181        0.32611        6.81265        3.38687        0.48788        8.56785        3.0103         0.54444        
188      NO_ID      1.108727142    0.1360612217   0.7230842593   6.410595004    0.2638956886   5.55556        3.60052        0.44389        8.21596        3.1534         0.61894        11.61236       2.90179        0.75073        
189      NO_ID      1.128670686    0.2391291852   0.9705065594   9.547064837    0.224212575    2.27753        2.19408        0.30278        3.50614        1.82057        0.46223        4.61133        1.6877         0.48597        
190      NO_ID      1.172334106    0.1765206136   0.8541121289   7.05038606     0.0673490797   3.49563        4.41109        0.21695        5.25526        2.97164        0.43926        5.52209        2.44649        0.42385        
191      NO_ID      1.191666238    0.1804993657   0.5995310211   5.974297909    0.2362794453   4.91746        3.39436        0.42167        7.38397        2.87633        0.6357         10.73903       2.50453        0.87891        
192      NO_ID      1.435974365    0.2070244766   0.5152289968   3.93431405     0.1454387443   4.70905        3.37486        0.39569        7.93651        2.50394        0.75732        9.99286        2.40995        0.8189         
193      NO_ID      0.8576812934   0.2031902605   0.1843335423   6.644067266    0.07743947686  5.93723        4.50104        0.38508        9.38967        4.02001        0.58225        13.52657       3.57504        0.75086        
194      NO_ID      1.219581545    0.1710079862   0.8056526603   8.037390199    0.2915383352   4.10798        2.59298        0.44776        6.30872        2.26206        0.68902        8.39416        2.12822        0.7626         
195      NO_ID      1.482492435    0.1200414553   0.835922949    7.604604595    0.02062004499  3.50614        5.02748        0.17056        4.01952        2.27563        0.26473        4.71857        1.2886         0.21449        
196      NO_ID      1.24586709     0.1991878154   0.466254494    2.081255437    0.1528246052   5.37016        3.53756        0.45012        6.91358        2.43951        0.75506        8.3631         2.27368        0.69596        
197      NO_ID      1.385510169    0.1377500315   0.1555511555   9.34318314     0.123201725    15.27313       5.79345        0.7282         22.60163       5.09622        1.00138        30.93607       4.56025        1.17045        
198      NO_ID      1.00840533     0.1622045856   0.1960578006   3.2211483      0.09162248746  10.00712       6.2401         0.47252        15.05376       4.68362        0.78206        18.84354       3.45819        0.90193        
199      NO_ID      1.327962738    0.18967812     0.984616402    2.773390738    0.03702062757  2.22915        1.77836        0.29953        2.28983        1.1894         0.32925        2.81149        0.87705        0.24966        
200      NO_ID      0.8376848286   0.1232524229   0.4909178064   2.208413904    0.2655104196   8.07382        5.96873        0.40657        12.5           5.21687        0.58604        17.53408       4.71825        0.66647        
201      NO_ID      1.50446646     0.2350835407   0.443047048    8.385146557    0.2407368523   4.27783        2.30551        0.54663        6.68577        1.96684        0.84921        9.37082        1.78929        1.0611         
202      NO_ID      1.564641968    0.2135782987   0.8117347548   8.013393885    0.166811598    3.24432        2.86554        0.31615        4.83592        2.32291        0.46079        6.33198        2.0964         0.52443        
203      NO_ID      0.9013709984   0.1939174456   0.9363816606   3.904320867    0.1349275597   2.9724         3.70976        0.2241         4.44976        2.88924        0.37653        5.59538        2.6726         0.40524        
204      NO_ID      1.45183052     0.1462463117   0.4172629985   3.10802392     0.2478382961   8.75547        4.86423        0.5301         14.31493       4.08912        0.84605        19.40928       3.64721        0.98926        
205      NO_ID      1.289086236    0.1641290309   0.3831384271   6.944787827    0.2518850611   6.75872        3.27364        0.5926         10.58201       2.96097        0.86707        14.79701       2.64776        1.07002        
206      NO_ID      1.099858471    0.2435015562   0.5288846662   4.848535084    0.1705425968   3.29567        2.654          0.35889        5.26018        2.19754        0.59975        7.48792        1.94735        0.76932        
207      NO_ID      1.26745623     0.1583344149   0.9739962017   2.697858251    0.1025218264   3.89213        4.65342        0.24074        4.903          3.11858        0.4085         5.74006        2.24882        0.41713        
208      NO_ID      1.463061786    0.195958936    0.2712608613   2.074720024    0.03050395886  4.31699        1.77746        0.57654        4.69651        1.00029        0.63822        5.47029        1.18114        0.35927        
209      NO_ID      0.8072216755   0.2233980428   0.3568885052   2.867969733    0.191779105    3.93148        3.29906        0.37           6.46353        2.90333        0.56281        9.24453        2.60523        0.70633        
210      NO_ID      1.375771783    0.1432781922   0.3034456942   5.463899007    0.1172701767   10.60259       6.37965        0.46867        16.72577       5.12304        0.76188        22.30392       3.99564        1.02025        
211      NO_ID      1.343144893    0.2195614863   0.5791306036   6.605205253    0.1102748629   3.77129        3.0949         0.34002        5.77476        2.52375        0.52576        7.79076        2.14494        0.71857        
212      NO_ID      0.8861225459   0.2149900669   0.9067839947   7.295017721    0.05703339424  2.48624        3.1444         0.21999        3.86634        2.23288        0.40784        3.81888        2.15045        0.37058        
213      NO_ID      1.589590146    0.228109058    0.4712932752   7.583606004    0.2832631921   4.44868        2.21633        0.59729        6.7345         1.89483        0.89544        9.74843        1.72295        1.1369         
214      NO_ID      0.925673789    0.1514583809   0.1490171238   9.620020869    0.2964384219   4.96116        2.44596        0.56436        7.431          2.26806        0.76607        10.279         2.17308        0.82988        
215      NO_ID      1.544859564    0.208186209    0.1257690241   7.101114812    0.04392293336  9.3147         4.31026        0.61898        14.862         3.48129        0.99886        17.22222       3.0311         1.05739        
216      NO_ID      1.412349084    0.1273925718   0.8873767006   6.138295502    0.2080427613   5.70443        4.78363        0.32321        7.88288        4.04933        0.42411        10.25926       3.63359        0.46977        
217      NO_ID      1.232410254    0.2476455455   0.7690531012   8.65546461     0.1590382356   2.51166        2.39683        0.29623        3.71846        2.01447        0.42479        5.25627        1.75328        0.55843        
218      NO_ID      0.8689162036   0.1743730185   0.6843525003   2.368757419    0.05440066307  3.2563         2.94237        0.333          3.5035         1.65966        0.42453        4.06433        1.59838        0.29225        
219      NO_ID      0.9642578867   0.2264720837   0.1119579204   4.412305786    0.2764307237   4.5977         3.03853        0.50661        8.64198        2.71389        0.80912        11.69591       2.60223        0.89011        
220      NO_ID      1.021511328    0.1668735294   0.8529780941   8.414512427    0.2201473177   3.88658        3.31394        0.33553        5.78358        2.84295        0.4992         7.9023         2.50307        0.60507        
221      NO_ID      1.312374732    0.2432919096   0.6397325369   3.565225615    0.1958045256   3.30969        2.43204        0.39415        4.84152        2.07967        0.56983        6.71059        1.82618        0.70579        
222      NO_ID      0.9907758532   0.1533916445   0.6555312138   3.665161432    0.174396901    5.43777        5.225          0.29716        8.12721        4.3465         0.44645        11.15137       3.53227        0.59027        
223      NO_ID      1.042516421    0.1298485119   0.9175191169   9.598060238    0.08768151306  4.60678        6.85809        0.18215        6.68577        5.07562        0.29115        8.43882        4.02592        0.36026        
224      NO_ID      0.9415299256   0.2325736719   0.2355630689   6.296489161    0.07530497611  4.62046        3.42394        0.39132        7.58073        3.02254        0.62354        10.75019       2.64302        0.82249        
225      NO_ID      1.063675446    0.1819004627   0.8338902541   9.035212423    0.1849753152   3.5167         3.3587         0.29353        5.17369        2.8609         0.41843        7.33438        2.45163        0.52608        
226      NO_ID      1.520618584    0.1403994957   0.7183415437   5.646116841    0.2143348109   5.99829        4.52503        0.36677        8.9942         3.78378        0.52569        11.50294       3.35068        0.60285        
227      NO_ID      1.149955657    0.1855874061   0.2073055081   3.314558773    0.1267513226   8.34829        4.66782        0.54132        13.51744       4.07091        0.84177        17.88932       3.40865        0.99161        
228      NO_ID      1.108727142    0.1360612217   0.5515833196   7.841393227    0.2638956886   5.99059        3.26946        0.51399        9.37082        2.91798        0.76089        13.10861       2.71058        0.90315        
229      NO_ID      1.128670686    0.2391291852   0.794000057    4.08902901     0.224212575    2.71318        2.47396        0.3154         4.69956        1.91452        0.58951        5.82483        1.78753        0.61869        
230      NO_ID      1.172334106    0.1765206136   0.3323409401   5.161404535    0.0673490797   7.15746        4.95898        0.40458        10.34738       3.39997        0.73492        11.41439       2.44961        0.78647        
231      NO_ID      1.191666238    0.1804993657   0.6138753267   5.394320522    0.2362794453   4.98392        3.49094        0.40683        7.50268        2.95718        0.62298        10.90343       2.54246        0.83978        
232      NO_ID      1.435974365    0.2070244766   0.9961397183   9.938530123    0.1454387443   2.73544        2.99575        0.24633        4.0615         2.45575        0.37665        5.36398        2.1693         0.44058        
233      NO_ID      0.8576812934   0.2031902605   0.6877935456   2.533626961    0.07743947686  3.4321         2.83507        0.36398        4.25791        1.84204        0.54682        4.22406        1.76311        0.38649        
234      NO_ID      1.219581545    0.1710079862   0.742005886    5.804245148    0.2915383352   4.44022        3.03011        0.41859        6.95479        2.59433        0.64038        9.62733        2.37898        0.78307        
235      NO_ID      1.482492435    0.1200414553   0.3925959949   7.719332755    0.02062004499  6.87285        5.49947        0.31267        7.41935        2.18944        0.47406        9.26295        1.4552         0.37288        
236      NO_ID      1.24586709     0.1991878154   0.2252589974   6.530095372    0.1528246052   7.1465         3.89308        0.53433        11.31387       3.4219         0.82675        16.14764       3.15271        0.99223        
237      NO_ID      1.385510169    0.1377500315   0.2814820724   4.228519869    0.123201725    12.02749       6.92159        0.49042        19.29461       5.34607        0.84797        23.88316       4.22619        0.93466        
238      NO_ID      1.00840533     0.1622045856   0.1832954528   4.660452723    0.09162248746  10.01431       6.31959        0.45929        16.26016       5.30754        0.75913        22.1169        4.34636        0.91979        
239      NO_ID      1.327962738    0.18967812     0.4983862641   9.230372199    0.03702062757  5.19793        3.78662        0.37983        5.86381        2.80901        0.51082        6.12745        2.2139         0.48857        
240      NO_ID      0.8376848286   0.1232524229   0.5230224153   8.839795205    0.2655104196   5.40123        3.21036        0.47157        8.08781        2.90966        0.64572        11.21872       2.75362        0.7127         
241      NO_ID      1.50446646     0.2350835407   0.443047048    5.022688817    0.2206222813   4.48532        2.55336        0.52623        6.95479        2.20451        0.7844         9.94971        1.88978        1.05374        
242      NO_ID      1.564641968    0.2135782987   0.8117347548   4.868066495    0.1089502642   3.33572        2.98125        0.30919        5.20833        2.21552        0.55492        5.81059        2.13423        0.5352         
243      NO_ID      0.9013709984   0.1939174456   0.9363816606   3.135199318    0.275869912    2.90216        3.23482        0.27219        4.82094        2.72225        0.42028        6.85267        2.35625        0.51834        
244      NO_ID      1.45183052     0.1462463117   0.4172629985   5.713276295    0.02090505704  5.07798        3.56774        0.35471        5.40646        2.04754        0.46125        6.13687        1.28756        0.36433        
245      NO_ID      1.289086236    0.1641290309   0.3831384271   8.534866075    0.1279731097   7.2884         4.72558        0.43136        11.27214       3.88554        0.70911        15.33776       3.34733        0.85284        
246      NO_ID      1.099858471    0.2435015562   0.5288846662   8.742977333    0.287374664    3.13131        2.00286        0.48628        4.87421        1.76215        0.71046        6.76399        1.62224        0.86318        
247      NO_ID      1.26745623     0.1583344149   0.9739962017   5.501631486    0.1866042246   3.96488        4.45155        0.24539        5.56218        3.71662        0.34259        7.70077        3.11103        0.43337        
248      NO_ID      1.463061786    0.195958936    0.2712608613   7.869103468    0.2425001123   6.86854        2.83291        0.71647        10.67588       2.55337        1.03196        14.90948       2.3692         1.20629        
249      NO_ID      0.8072216755   0.2233980428   0.3568885052   8.211374514    0.2144091708   3.73632        2.74657        0.42661        5.72597        2.50328        0.58502        8.15851        2.35633        0.70397        
250      NO_ID      1.375771783    0.1432781922   0.3034456942   9.757808851    0.2828176783   7.24638        2.61932        0.7719         10.83916       2.41279        1.05875        14.89818       2.28537        1.17805        
251      NO_ID      1.343144893    0.2195614863   0.5791306036   4.165974007    0.03787294412  3.35973        2.17973        0.42991        4.42015        0.94831        0.87074        4.30556        1.2756         0.45714        
252      NO_ID      0.8861225459   0.2149900669   0.9067839947   2.959265203    0.05560200501  2.43945        2.3413         0.30941        3.31439        1.04621        0.61154        3.1049         1.53852        0.32788        
253      NO_ID      1.589590146    0.228109058    0.4712932752   3.489182822    0.1773616797   4.64535        2.79031        0.48556        6.99248        2.35065        0.73033        9.67855        2.10811        0.87934        
254      NO_ID      0.925673789    0.1514583809   0.1490171238   7.364646712    0.1447384651   10.43544       5.30016        0.55367        15.92211       4.76945        0.75139        21.2963        4.38282        0.83649        
255      NO_ID      1.544859564    0.208186209    0.1257690241   4.2920737      0.08530699951  9.78107        4.18076        0.67366        15.39735       3.62506        1.06658        21.66667       3.19397        1.30017        
256      NO_ID      1.412349084    0.1273925718   0.8873767006   6.385505855    0.1518743514   5.40123        5.96036        0.24512        7.53904        4.8799         0.34415        9.99286        4.11935        0.40982        
257      NO_ID      1.232410254    0.2476455455   0.7690531012   9.082883772    0.2987961548   2.66553        1.84036        0.43253        4.06504        1.58243        0.64378        5.76687        1.39487        0.84944        
258      NO_ID      0.8689162036   0.1743730185   0.6843525003   9.895418328    0.1198472067   3.94402        4.32219        0.25546        5.74642        3.71389        0.35867        8.14427        3.2062         0.44689        
259      NO_ID      0.9642578867   0.2264720837   0.1119579204   6.96325385     0.03226498021  5.91603        4.04202        0.42694        9.1293         3.53495        0.64457        11.65825       3.15221        0.71796        
260      NO_ID      1.021511328    0.1668735294   0.8529780941   4.526954644    0.1569989932   4.14439        4.5484         0.2577         6.55777        3.52938        0.44353        7.5            3.20738        0.43971        
261      NO_ID      1.312374732    0.2432919096   0.6397325369   6.005406375    0.1974494766   3.12222        2.40637        0.37518        4.954          1.98966        0.59327        6.94444        1.73689        0.7703         
262      NO_ID      0.9907758532   0.1533916445   0.6555312138   2.571323632    0.2529838516   5.36332        4.79427        0.34875        8.90805        3.93984        0.56881        12.72894       3.43738        0.67038        
263      NO_ID      1.042516421    0.1298485119   0.9175191169   8.981671604    0.2072132663   4.66667        4.0315         0.32548        6.88299        3.46623        0.46314        9.1716         3.25963        0.47943        
264      NO_ID      0.9415299256   0.2325736719   0.2355630689   3.743075814    0.2292754766   4.42758        2.99408        0.48148        7.46667        2.73049        0.70421        10.22811       2.62705        0.82036        
265      NO_ID      1.063675446    0.1819004627   0.8338902541   7.580802495    0.1384870798   3.47222        3.95114        0.24102        5.26712        3.23261        0.37645        6.96296        2.81356        0.4593         
266      NO_ID      1.520618584    0.1403994957   0.7183415437   4.756000644    0.04931470377  5.50314        4.83994        0.31808        5.77083        3.1639         0.40593        6.78295        2.31236        0.40313        
267      NO_ID      1.149955657    0.1855874061   0.2073055081   5.238256658    0.1938947223   8.07201        4.00248        0.59893        12.52228       3.70048        0.81433        17.61724       3.40368        0.98318        
268      NO_ID      1.108727142    0.1360612217   0.5515833196   6.410595004    0.2363978268   6.80272        4.00265        0.47574        10.72797       3.4801         0.72849        14.67505       3.19021        0.80857        
269      NO_ID      1.128670686    0.2391291852   0.794000057    9.547064837    0.06866470872  2.44328        2.66764        0.25667        3.93812        1.99831        0.46911        4.52196        1.92695        0.46391        
270      NO_ID      1.172334106    0.1765206136   0.3323409401   7.05038606     0.04181351613  7.05615        4.6645         0.42674        8.53138        3.54243        0.56721        9.47512        2.37573        0.62132        
271      NO_ID      1.191666238    0.1804993657   0.6138753267   5.974297909    0.2711733591   4.851          3.05111        0.45616        7.26895        2.62469        0.68401        10.48689       2.36947        0.85974        
272      NO_ID      1.435974365    0.2070244766   0.9961397183   3.93431405     0.09953155432  2.83861        3.13602        0.2501         4.15554        2.2018         0.46348        4.48966        2.00906        0.44667        
273      NO_ID      0.8576812934   0.2031902605   0.6877935456   6.644067266    0.09378713771  3.19416        3.7031         0.24204        5.35098        2.75718        0.46692        6.20828        2.65738        0.45634        
274      NO_ID      1.219581545    0.1710079862   0.742005886    8.037390199    0.1731677752   4.48718        3.82771        0.32745        6.40146        3.38601        0.40072        8.69429        2.80478        0.57113        
275      NO_ID      1.482492435    0.1200414553   0.3925959949   7.604604595    0.2605615841   9.2556         3.5355         0.72382        13.80522       3.17353        1.01498        20.0431        2.97287        1.22262        
276      NO_ID      1.24586709     0.1991878154   0.2252589974   2.081255437    0.248435659    7.08522        3.57143        0.68685        12.12121       3.3304         0.96823        16.60735       3.07244        1.15485        
277      NO_ID      1.385510169    0.1377500315   0.2814820724   9.34318314     0.114682777    11.08472       6.00161        0.51152        17.03163       5.03182        0.77707        23.30017       4.41743        0.89724        
278      NO_ID      1.00840533     0.1622045856   0.1832954528   3.2211483      0.07365937225  10.30169       6.06671        0.50068        14.80298       4.00535        0.87934        18.66667       2.99872        0.94743        
279      NO_ID      1.327962738    0.18967812     0.4983862641   2.773390738    0.1650842365   5.73938        3.81513        0.44282        8.77358        2.9967         0.72621        10.83916       2.56437        0.81479        
280      NO_ID      0.8376848286   0.1232524229   0.5230224153   2.208413904    0.08077128247  6.68591        6.01585        0.33378        8.15851        3.24296        0.4674         9.4898         2.40944        0.4267         
