%eval_id interface desired_speed  radius         time_gap       strength_neighbor range_neighbor strength_geometry range_geometry least_sq_term_1 least_sq_term_2 least_sq_term_3 least_sq_term_4 least_sq_term_5 least_sq_term_6 least_sq_term_7 least_sq_term_8 least_sq_term_9 least_sq_term_10 least_sq_term_11 least_sq_term_12 least_sq_term_13 least_sq_term_14 least_sq_term_15 least_sq_term_16 least_sq_term_17 least_sq_term_18 least_sq_term_19 least_sq_term_20 least_sq_term_21 least_sq_term_22 least_sq_term_23 least_sq_term_24 least_sq_term_25 least_sq_term_26 least_sq_term_27 
1        NO_ID      0.806166477    0.1932310764   1.963635051    2.318836023    0.1250916242   3.658947351    0.06321445353  -15.20925      2.57438        -3.96917       -15.7431       5.0482         -4.23531       -13.6295       1.15978        -4.78448       -16.38794      11.06268       -9.58538       -15.59553      6.67694        -4.48188       -13.61826      -0.72174       -3.97543       -16.28943      0.39363        -3.74822       -16.28992      6.12911        -4.64329       -15.45812      6.21318        -6.91505       
2        NO_ID      1.052495029    0.1666555248   0.7966542852   9.961263808    0.2889984142   7.885642075    0.1898827873   -16.54627      0.0855         35.62033       -16.66667      4.26071        31.08681       -16.53381      7.83768        -4.86847       -11.93307      5.34614        -5.25406       -16.66667      2.30787        28.89632       -16.53926      2.95488        -5.09585       -16.54096      1.24026        -3.22534       -16.66667      6.30772        20.51085       -16.53193      2.41147        -2.6334        
3        NO_ID      1.357798369    0.1284821894   0.6701317801   5.231670655    0.1111881533   4.199825503    0.05396522552  3.99872        -0.55084       1.83278        5.89609        -1.48346       0.59861        4.8511         4.52058        -3.70959       6.54762        4.66286        -0.54339       -15.60558      9.6825         10.22461       4.00372        2.37149        -1.45608       -14.68576      6.54183        3.10131        4.94152        -0.8037        -0.7292        -12.26503      11.76845       -3.18133       
4        NO_ID      1.608636132    0.1328515396   0.9445613058   1.562811279    0.2558747416   2.307633619    0.07206607027  -14.86441      4.82758        9.24442        -16.40526      2.79503        22.17918       5.82329        5.35832        -2.81274       -15.41491      6.70523        -0.48702       5.60996        0.50758        -2.68427       4.65898        0.80814        1.09513        4.67017        -0.06426       -0.46403       -12.29187      0.41065        -1.98408       -9.20472       6.0749         -3.76704       
5        NO_ID      1.526619718    0.1707705603   0.8875895628   6.921058188    0.03734997738  2.556285904    0.1301174676   -10.18809      3.92113        -6.63458       -12.3505       1.65093        -7.6347        -14.38267      14.31659       -8.68224       -9.71247       12.70745       -8.11106       -14.48676      12.29359       -7.74885       -14.35737      10.55075       -8.3342        -13.59965      7.92848        -7.62826       -13.05931      3.44376        -7.56656       -9.85606       11.4914        -8.06538       
6        NO_ID      1.299745026    0.1616344851   0.4127422951   9.458953542    0.2521634409   5.358559566    0.08737667871  -8.37074       -3.06215       13.90372       -11.9567       -1.64898       8.91176        -14.03362      5.41462        -2.30711       -8.45797       0.69052        1.88876        -9.89998       -0.6995        7.24273        -14.18428      3.50043        -0.96618       -12.20813      -1.1419        5.18053        -12.16084      -1.28011       6.50344        -8.66101       0.56521        2.04223        
7        NO_ID      1.796608419    0.1071662161   1.790425332    9.547166933    0.2400153024   9.887602724    0.07611323157  -7.89863       -2.08847       7.73415        -11.44037      -0.80218       4.58718        -13.90567      0.24437        -0.15593       -8.32442       -2.31621       3.45923        -9.51393       0.10993        3.61105        -13.94061      -1.12127       0.31618        -11.84467      -0.99229       2.31197        -11.66858      -0.53682       3.26295        -8.00838       1.53113        -0.47491       
8        NO_ID      0.9921836362   0.1127775811   0.613029533    2.657941513    0.3928401334   2.992739338    0.0835381458   -16.0645       2.15772        22.84723       3.27657        -1.8866        5.79417        0.18811        6.35121        -4.28607       0.87128        6.15855        -3.90143       3.73692        -0.70708       3.2035         -15.42297      8.76712        -2.23811       1.65414        -1.11088       0.43272        2.42894        -1.44338       3.76655        3.9272         0.98029        -0.27454       
9        NO_ID      1.719974871    0.1889525919   0.3448780784   5.934078661    0.3616992999   0.7948979015   0.05145675267  -16.54664      -0.3024        83.68866       -11.56933      -2.89521       15.15379       -16.53519      10.38593       1.54037        -14.5818       6.74619        -7.93787       -9.51393       -2.30681       9.14048        -16.54271      2.95488        6.79426        -11.96831      -2.05136       7.21684        -12.6682       -1.50937       7.46931        -13.86844      1.24679        -1.29064       
10       NO_ID      1.154608552    0.1543370476   1.211737864    4.158839051    0.1385028436   5.5788934      0.03326278581  -16.06511      1.93098        11.23483       -16.40483      3.29098        7.89274        -0.50505       3.33561        -3.5094        0.34069        3.60993        -2.79382       -15.87005      6.89889        4.38514        -1.28205       -0.10018       -1.19722       -1.91687       0.70182        -3.06982       -15.53945      8.08748        -0.02279       -16.39963      4.22148        2.93609        
11       NO_ID      0.9064257733   0.1769025434   1.027591279    9.012785701    0.09725471698  9.567217788    0.1196190891   -16.5353       8.23148        -7.13842       -16.66667      4.26071        15.0609        -16.66667      10.38593       -5.95784       -16.1094       13.75053       -8.888         -16.66667      2.30787        11.6039        -16.66667      7.27317        -5.47391       -16.52942      9.02197        -7.49709       -16.66667      6.30772        8.38885        -16.10051      13.38421       -9.00382       
12       NO_ID      0.879742564    0.1174050531   1.890996974    8.789257778    0.2743976212   0.7268670969   0.1662049692   -16.66667      -10            -10            -16.66667      -10            -10            -16.66667      -10            -10            -16.66667      -10            -10            -16.66667      -10            -10            -16.66667      -10            -10            -16.66667      -10            -10            -16.66667      -10            -10            -16.66667      -10            -10            
13       NO_ID      1.305214479    0.1854986516   1.742526169    7.356051427    0.3128335956   6.847573331    0.03021502632  -8.01295       -3.82523       6.12384        -11.56249      -2.72689       4.2416         -14.95519      3.74253        -5.70603       -15.97125      6.23524        -8.7246        -9.50434       -1.80517       1.4515         -14.80425      1.50491        -5.17538       -11.83658      -2.98766       -0.52892       -11.78536      -2.48477       2.34593        -8.13016       -1.33086       -2.43469       
14       NO_ID      1.252688903    0.1498833708   1.618461744    7.508877259    0.1988484787   6.241147278    0.01940455076  -3.86445       -0.97173       2.31952        -1.20048       -0.53561       2.72706        -13.90197      6.18242        -5.96185       -8.45522       6.29467        -6.89311       -2.32467       0.99131        -0.83099       -1.83701       -2.19685       1.19691        -2.33333       -0.50019       -1.59287       -1.80941       -0.22519       0.74088        -1.1095        2.69067        -3.41912       
15       NO_ID      1.431623341    0.1342432332   1.437469485    1.368579142    0.02385782087  8.008277195    0.124028027    -16.66667      0.86131        9.18607        -16.66667      4.26071        7.49889        -16.66667      10.38593       -4.77659       -16.66667      5.65163        -4.80623       -16.66667      2.30787        9.99714        -16.66667      7.27317        -4.18124       -16.66667      0.37562        -1.31769       -16.66667      6.30772        3.41875        -16.66667      4.48005        0.51109        
16       NO_ID      1.461652022    0.1727904321   1.207355295    7.891587844    0.1881773888   1.386583507    0.1365800931   -16.66667      -10            -10            -11.43512      -0.1992        2.56202        -13.77225      5.53213        -3.34378       -16.66667      -10            -10            -9.37415       1.02548        1.39558        -13.81383      1.7791         -1.16418       -11.83982      -0.06666       -0.31218       -11.66355      0.46655        1.66541        -16.66667      -10            -10            
17       NO_ID      1.501181678    0.1194849465   1.409613658    1.027863453    0.08704989101  8.602165269    0.1538776909   -16.66667      0.86131        11.67396       -16.66667      4.26071        13.28424       -16.66667      10.38593       -4.19366       -16.66667      5.65163        -2.7876        -16.66667      2.30787        11.07119       -16.66667      7.27317        -4.08177       -16.66667      0.37562        2.1852         -16.66667      6.30772        5.1251         -16.66667      4.48005        4.52052        
18       NO_ID      0.9168533098   0.1230130163   0.9284350937   3.204165049    0.2003427753   6.517036515    0.186517935    -16.66667      0.86131        36.40512       -16.66667      4.26071        18.46152       -16.66667      10.38593       -2.3791        -12.62513      27.93644       -8.52905       -16.66667      2.30787        20.87052       -16.66667      7.27317        -1.52948       -16.66667      0.37562        10.98567       -16.66667      6.30772        15.37385       -16.66667      4.48005        11.80141       
19       NO_ID      1.203289389    0.1042324314   0.3014088499   4.825500491    0.3209426339   9.032068261    0.1753739686   -16.54227      2.80083        1.63294        -16.66667      4.26071        49.87911       -16.40123      15.54611       -6.70156       -10.96041      8.19711        -4.51927       -16.66667      2.30787        43.86107       -16.29103      11.79601       -7.47255       -16.54169      5.56343        -4.31165       -16.66667      6.30772        41.6032        -15.59421      7.45255        -5.13667       
20       NO_ID      1.700395417    0.1960490635   0.7792754965   2.241228824    0.3468116437   8.308455533    0.1981259957   -16.66667      0.86131        44.17088       -16.66667      4.26071        19.06859       -16.66667      10.38593       -6.68185       -16.52768      7.3907         -8.43931       -16.66667      2.30787        27.15595       -16.66667      7.27317        -6.49655       -16.66667      0.37562        8.86474        -16.66667      6.30772        11.50516       -16.66667      4.48005        2.5696         
21       NO_ID      1.401373858    0.1797217878   0.4686857324   4.345975653    0.07464318136  6.037744432    0.05825269812  -16.54595      2.41292        19.77056       -15.35438      8.32139        3.21578        -13.76448      7.56587        -4.58064       -16.52758      9.12977        -4.66394       -15.06807      12.6834        -1.65493       -13.79264      5.11947        -3.94753       -13.93099      6.75336        -7.51113       -16.41592      9.07319        7.88989        -14.52537      12.82383       -3.38611       
22       NO_ID      1.602220473    0.1392893453   1.074778553    6.206202679    0.3790194549   7.411376079    0.03766120631  -8.01874       -3.84087       13.93412       -11.56933      -2.59863       10.58475       -16.40363      9.32416        -4.58693       -16.24941      9.23857        -8.99389       -9.64404       -1.85887       7.86542        -16.54267      2.95488        -2.12024       -11.84144      -2.76969       3.75349        -11.79026      -2.34378       8.6431         -8.13873       -1.30609       1.85356        
23       NO_ID      1.230184389    0.1252593418   1.133374185    7.090262104    0.04368973696  5.000206135    0.01486331686  -0.41509       -1.63169       -3.42711       0.69632        -2.4138        -4.30704       1.41243        4.02148        -3.33581       2.66419        4.88463        -2.81678       1.24672        -0.37215       -5.57255       0.18983        1.92928        -2.27867       0.11478        0.1556         -3.89648       0.11353        -1.89656       -4.94234       1.30992        2.58717        -5.92709       
24       NO_ID      1.640946846    0.1828982646   1.323243546    4.702975599    0.07061481222  4.586609447    0.1100938871   -16.28283      6.01082        -5.08293       -14.51291      8.2867         -8.35889       -16.25745      16.49395       -9.06119       -16.52763      7.3907         -8.24959       -16.38902      15.21116       -8.4668        -16.40407      11.39074       -8.95438       -16.00622      10.0879        -8.2267        -14.97371      9.65688        -8.49582       -16.52652      7.92768        -7.16617       
25       NO_ID      1.170948279    0.1667341849   0.2327610542   8.699035681    0.05308365232  2.746944741    0.180861271    -15.08833      9.50045        0.08488        -15.86965      10.88308       -3.32456       -15.33992      22.41512       -5.45755       -9.70782       13.08977       -5.11656       -15.19185      14.72549       -6.07854       -15.1351       18.80147       -6.35739       -14.16112      10.58405       -4.43937       -15.78043      11.05061       -5.69887       -13.70446      16.55753       -5.91839       
26       NO_ID      1.666782076    0.1017466331   1.708926918    8.136589588    0.1666239316   1.05709867     0.1734757334   -16.66667      -10            -10            -16.66667      -10            -10            3.73406        4.06046        -2.51042       -16.66667      -10            -10            -16.66667      -10            -10            -16.66667      -10            -10            -16.66667      -10            -10            -16.66667      -10            -10            -16.66667      -10            -10            
27       NO_ID      1.094770663    0.1384263687   0.1000866701   2.806497096    0.2665009665   1.681783915    0.02558860545  -15.22293      3.99349        29.32329       22.02202       -1.97301       10.57068       -15.08578      14.11684       -4.30238       -14.57831      14.91703       -8.80186       -13.47914      6.87369        6.22796        -16.04524      14.47669       -2.62205       -16.17077      4.50425        27.96163       19.77318       -1.45474       8.38292        -13.32874      7.81121        5.34868        
28       NO_ID      0.8293105589   0.1449044802   0.5358968175   8.303744806    0.1307638256   4.065327179    0.1467180738   -10.0161       2.64331        1.2077         -13.62593      5.29294        -1.40217       -14.28656      11.84934       -5.07934       -8.72029       10.38429       -4.66854       -11.72602      6.66537        -2.47051       -14.29006      8.72812        -4.58032       -12.80013      4.95943        -2.79817       -13.77144      5.73411        -1.23248       -9.82287       8.35113        -4.43363       
29       NO_ID      0.9489926915   0.187822569    1.640872289    3.485763383    0.3475933292   7.294617852    0.110923345    -16.5438       0.0855         2.1888         -16.5331       2.1216         -2.66448       -15.33588      10.02718       -8.83388       -16.5274       9.12977        -8.50313       -15.71851      4.11903        -6.80664       -16.53851      5.11402        -7.68674       -14.49269      2.0582         -7.33835       -16.41423      3.69403        -6.36312       -16.12534      5.84891        -6.31698       
30       NO_ID      1.478925256    0.1097003778   1.899011078    5.728156691    0.2291201687   2.003532898    0.1509248622   -7.89276       -1.20751       3.50202        -11.43687      0.09204        1.93075        -13.77225      4.84385        -3.04464       -16.66667      -10            -10            -9.37659       1.37006        -0.05984       -13.81383      0.40214        0.25263        -11.59229      -0.20038       -0.90031       -11.66355      0.32815        -0.10048       -7.99968       2.82287        -2.52097       
31       NO_ID      1.350230047    0.1159218642   0.1892435909   6.523550683    0.1528258306   8.814182508    0.1003980489   -9.08451       1.22048        7.22545        -12.60132      0.45511        1.39532        -14.29533      11.87641       -1.38694       -8.73623       0.63913        -0.0008        -10.56338      3.29641        1.67563        -14.30523      9.08487        -0.86963       -12.69018      4.7681         0.97933        -12.91055      2.51393        1.31235        -9.1872        6.94071        -0.54639       
32       NO_ID      1.752668887    0.1585848575   0.4697471282   3.6415205      0.1776926043   3.256743732    0.1618275823   -10.04288      2.50145        0.98526        -13.64842      5.04834        0.0601         -14.42331      12.45392       -4.64433       -9.01961       6.68979        -2.36033       -11.74926      6.53206        -1.68976       -14.41819      7.4531         -3.07981       -12.81445      4.904          -2.34629       -13.78601      5.74285        -0.68003       -9.84586       8.71463        -4.44953       
33       NO_ID      1.571232572    0.198244895    1.501062982    6.481825514    0.2984915401   6.735033863    0.09294544061  -12.10248      -1.86092       -1.81782       -15.22461      0.56499        -5.22481       -14.43082      4.03321        -6.39736       -16.52763      9.12977        -8.21855       -14.01573      1.45625        -4.38947       -14.42424      1.82781        -5.88265       -16.0445       0.65304        -3.47051       -15.29173      0.94185        -5.68574       -10.93504      0.95974        -5.27831       
34       NO_ID      1.02165125     0.1441455862   0.7157614541   3.844318659    0.330045951    9.265671873    0.04640912553  -13.41499      1.13004        0.20668        -11.55564      -1.35176       5.35918        -13.76643      6.50321        -4.46381       -8.17119       4.30402        -2.86748       -9.49232       -0.3389        2.28475        -13.80616      3.4811         -3.02946       -16.17044      1.96502        9.72159        -11.7788       -1.05485       3.25364        -16.13242      5.94144        3.49169        
35       NO_ID      1.116576017    0.158222852    1.282166531    5.298782746    0.3699447773   3.877903499    0.09915741711  -14.74168      -0.73726       1.25431        -11.82099      -2.20639       4.28924        -13.90011      3.34849        -3.96642       -8.45248       1.13998        -2.49361       -9.76267       -1.54833       2.83856        -13.93237      -0.01334       -1.69053       -11.95569      -2.01049       -0.12574       -12.03257      -1.99144       2.67106        -8.25509       -0.8019        -1.37244       
36       NO_ID      1.0357892      0.1526775848   1.55712597     1.765552889    0.2111789756   4.873329922    0.1404141477   -16.543        3.18873        2.85904        -16.52925      11.39106       -2.77582       -16.51464      20.57889       -9.66849       -16.5274       7.3907         -7.22939       -16.39047      12.11055       -4.11456       -16.51759      15.90975       -9.80592       -14.23777      10.81954       -8.9047        -16.27612      11.02483       -6.92194       -15.9723       13.23858       -7.47456       
37       NO_ID      1.246502058    0.1294238683   1.09691358     6.87037037     0.09897119342  5.562757202    0.01873113855  -0.1407        -0.62457       0.00537        1.17729        -1.08656       -1.66614       0.69767        5.6028         -4.61297       0.82703        9.95692        -5.26665       0.05524        0.96637        -3.09845       0.03762        1.45223        -2.10928       0.18442        0.51774        -2.16998       0.60776        -0.9097        -2.46744       1.41576        4.29985        -4.24802       
38       NO_ID      1.361728395    0.1170781893   1.472222222    9.462962963    0.1943621399   6.383744856    0.03827846365  -0.21645       -1.27009       5.05364        0.98174        -0.59983       3.8047         -0.22026       3.43007        -2.90696       -0.17182       4.08619        -3.02721       1.33531        0.93661        1.96275        -1.37741       1.31214        -1.79626       0.16114        -0.18729       -0.43357       0.0907         -0.19643       2.26889        1.58461        3.00509        -1.93275       
39       NO_ID      1.380932785    0.1154320988   1.644238683    9.944444444    0.1943621399   5.680041152    0.04088477366  -0.40282       -1.24918       5.295          0.79042        -0.57713       3.70904        -0.2924        3.8341         -2.72217       -0.64201       3.79876        -2.97928       1.14155        0.9706         1.14846        -1.95494       0.68006        -1.22194       0.0917         -0.29423       0.07419        -0.04498       -0.22476       2.64131        1.35513        3.0444         -2.1107        
40       NO_ID      1.337037037    0.1133744856   1.753703704    9.981481481    0.1891495199   4.741769547    0.04635802469  -1.08538       -1.16123       4.04488        0.41998        -0.66726       3.3139         -0.71225       3.44754        -3.01217       -1.29342       2.37771        -2.55319       0.68319        1.07122        1.00448        -14.18428      2.09536        -2.31202       -0.65703       -0.06351       -0.1324        -0.26631       -0.19407       1.78687        0.5609         3.15786        -2.76695       
41       NO_ID      1.489300412    0.1154320988   1.480041152    8.99382716     0.1927983539   6.266460905    0.04166666667  1.15894        -1.12217       5.50426        2.53353        -0.78571       4.19154        2.87958        3.61279        -1.82686       -8.18255       3.09125        -1.87402       2.59259        0.93527        1.53737        -0.75269       0.5548         -0.4787        1.96228        -0.02304       0.24184        1.96672        -0.31659       2.21217        2.84332        3.24165        -1.90878       
42       NO_ID      1.3            0.15           1.05           5.5            0.21           5.25           0.105          -15.94383      3.31031        9.18262        -12.59722      1.86603        -1.0034        -14.03362      7.25589        -5.00703       -8.45797       3.49518        -3.35055       -10.56338      2.96747        -1.59154       -14.05051      3.19128        -3.4409        -15.29698      3.64476        -0.77386       -12.78665      2.31132        -2.21775       -13.99632      8.7383         -4.30654       
43       NO_ID      1.3            0.15           1.05           5.5            0.21           5.25           0.105          -15.94383      3.31031        9.18262        -12.59722      1.86603        -1.0034        -14.03362      7.25589        -5.00703       -8.45797       3.49518        -3.35055       -10.56338      2.96747        -1.59154       -14.05051      3.19128        -3.4409        -15.29698      3.64476        -0.77386       -12.78665      2.31132        -2.21775       -13.99632      8.7383         -4.30654       
