%eval_id interface desired_speed  radius         time_gap       strength_neighbor range_neighbor strength_geometry range_geometry least_sq_term_1 least_sq_term_2 least_sq_term_3 least_sq_term_4 least_sq_term_5 least_sq_term_6 least_sq_term_7 least_sq_term_8 least_sq_term_9 least_sq_term_10 least_sq_term_11 least_sq_term_12 least_sq_term_13 least_sq_term_14 least_sq_term_15 least_sq_term_16 least_sq_term_17 least_sq_term_18 least_sq_term_19 least_sq_term_20 least_sq_term_21 least_sq_term_22 least_sq_term_23 least_sq_term_24 least_sq_term_25 least_sq_term_26 least_sq_term_27 least_sq_term_28 least_sq_term_29 least_sq_term_30 least_sq_term_31 least_sq_term_32 least_sq_term_33 
1        NO_ID      0.806166477    0.1932310764   1.963635051    2.318836023    0.1250916242   3.658947351    0.06321445353  -16.20255      2.61307        -3.77595       -15.90961      5.54008        -3.13693       -16.05202      9.31661        -6.13885       -13.97706      -2.36586       -2.0109        -11.87767      -6.36577       0.74357        -16.24318      2.69344        -2.64005       -13.60018      -3.06919       -1.74199       -16.20783      10.98977       -3.31134       -16.45803      -0.91831       -2.5357        -16.55888      7.62866        -2.87086       -16.5458       2.46404        -5.23695       
2        NO_ID      1.052495029    0.1666555248   0.7966542852   9.961263808    0.2889984142   7.885642075    0.1898827873   -16.55087      0.38172        15.98219       -16.66667      5.40056        32.57307       -16.66667      8.30721        10.72009       -16.54988      3.22259        -2.19252       -12.99754      -1.69976       -1.70661       -16.66667      1.05494        34.00488       -16.53837      -0.00735       -5.96098       -16.66667      7.7804         29.9161        -16.56284      0.76786        -1.30012       -16.66667      8.46812        26.41977       -16.54617      -0.13263       0.03168        
3        NO_ID      1.357798369    0.1284821894   0.6701317801   5.231670655    0.1111881533   4.199825503    0.05396522552  -15.62661      6.86412        11.72859       -15.79498      7.60064        14.12742       0.65476        -0.677         -0.34148       2.02448        -0.42293       0.77123        2.2822         0.13305        -0.3737        -14.71559      7.28198        4.97061        4.79582        -0.66501       1.53814        2.65537        -2.01084       3.03665        0.99241        -0.40063       0.04547        1.63456        0.04857        0.59121        -14.86643      7.18322        1.87305        
4        NO_ID      1.608636132    0.1328515396   0.9445613058   1.562811279    0.2558747416   2.307633619    0.07206607027  -8.92918       1.30203        -1.50957       4.60069        -1.42973       0.93786        -15.75211      5.58691        3.1609         -3.24544       0.35524        -0.60218       -16.33367      -2.60723       9.31234        -15.97055      3.96454        20.18948       -15.02679      -0.29123       4.69441        2.27021        -2.28731       3.83129        0.80878        -1.308         0.19252        1.60256        -0.45975       -0.68562       -10.31436      2.91277        -3.14928       
5        NO_ID      1.526619718    0.1707705603   0.8875895628   6.921058188    0.03734997738  2.556285904    0.1301174676   -15.72093      9.19211        -5.50628       -14.0995       4.49696        -7.86126       -15.61634      8.57405        -8.03336       -14.65642      5.47197        -7.54568       -12.02093      1.19981        -7.48921       -10.58713      3.68324        -7.10284       -14.32793      5.79541        -8.13929       -15.38781      4.86215        -7.72444       -13.3777       3.6628         -7.507         -15.89269      14.47954       -6.74597       -11.61715      8.24294        -8.52212       
6        NO_ID      1.299745026    0.1616344851   0.4127422951   9.458953542    0.2521634409   5.358559566    0.08737667871  -8.6902        -2.21103       9.13288        -12.17318      -1.39224       10.83343       -15.24115      2.44384        4.76702        -14.33414      0.04498        2.83664        -10.22438      -2.73881       5.93736        -9.55678       -1.69022       10.45123       -14.1404       0.36471        2.14909        -15.0941       2.72005        7.04961        -12.97167      -2.04308       6.48454        -12.83988      -0.18454       8.63916        -9.46329       -2.04515       3.68708        
7        NO_ID      1.796608419    0.1071662161   1.790425332    9.547166933    0.2400153024   9.887602724    0.07611323157  -8.24192       -1.22096       4.90253        -11.68395      -0.38906       7.07505        -14.93975      1.61404        1.5767         -14.22079      -3.15055       6.0745         -10.00891      -6.15687       10.73813       -9.01198       -0.80375       5.75442        -13.89242      -3.65375       4.59541        -14.42315      1.82731        8.35131        -12.67315      -2.61447       3.99007        -12.42323      1.0061         4.69453        -8.88132       -1.20493       0.80593        
8        NO_ID      0.9921836362   0.1127775811   0.613029533    2.657941513    0.3928401334   2.992739338    0.0835381458   1.22549        -1.65738       4.78801        -15.04402      3.96044        -0.76453       -3.11918       -0.7852        1.94113        -15.49884      5.17694        -3.51885       -2.6464        0.28002        -1.23649       -12.05842      1.98832        0.67193        -15.27489      4.45932        -3.61773       -0.14493       -1.02104       6.93653        -1.05779       -2.07924       1.52823        -0.46512       -0.45667       4.8717         1.94471        -1.68814       1.06143        
9        NO_ID      1.719974871    0.1889525919   0.3448780784   5.934078661    0.3616992999   0.7948979015   0.05145675267  -8.35454       -3.4335        11.0679        -11.80689      -2.77955       18.28396       -15.04079      0.37409        6.24304        -16.43373      1.76872        -6.38266       -15.33512      -1.41552       -4.59825       -11.09962      -1.80015       5.49791        -16.54052      -0.00735       13.26355       -15.88117      3.07299        3.47359        -12.67181      -3.23554       7.59436        -13.27078      -0.37054       8.1421         -13.6713       -1.26329       -6.66084       
10       NO_ID      1.154608552    0.1543370476   1.211737864    4.158839051    0.1385028436   5.5788934      0.03326278581  -16.43523      1.8777         8.76612        -16.0432       5.51056        7.72761        -4.45004       0.05977        -1.94872       -2.43728       -0.34198       -0.74101       -14.22222      -2.68176       1.9408         -15.41114      6.12543        3.81762        -1.03734       -2.32449       1.46002        -3.19149       -0.89632       0.7361         -15.7423       -0.07049       3.11218        -15.81541      8.86085        2.43819        -16.06598      2.0811         0.39397        
11       NO_ID      0.9064257733   0.1769025434   1.027591279    9.012785701    0.09725471698  9.567217788    0.1196190891   -16.41094      10.00347       -8.60995       -16.66667      5.40056        16.13025       -16.66667      8.30721        0.49767        -16.66667      4.87542        -2.48697       -16.40535      2.19531        -8.2324        -16.66667      1.05494        18.87523       -16.66667      3.32353        -1.15272       -16.66667      7.7804         14.28347       -16.66667      -0.7704        10.50104       -16.66667      8.46812        12.59775       -16.02153      7.69079        -8.67726       
12       NO_ID      0.879742564    0.1174050531   1.890996974    8.789257778    0.2743976212   0.7268670969   0.1662049692   -16.66667      -10            -10            -16.66667      -10            -10            -16.66667      -10            -10            -16.66667      -10            -10            -16.66667      -10            -10            -16.66667      -10            -10            -16.66667      -10            -10            -16.66667      -10            -10            -16.66667      -10            -10            -16.66667      -10            -10            -16.66667      -10            -10            
13       NO_ID      1.305214479    0.1854986516   1.742526169    7.356051427    0.3128335956   6.847573331    0.03021502632  -8.3406        -3.19471       2.91           -16.54143      1.73376        1.76495        -14.93511      0.28865        -2.0036        -15.15053      -1.0023        -2.66563       -11.22404      -5.56214       0.10085        -9.13855       -2.75529       4.81782        -14.89828      -1.69603       -2.6529        -14.53247      0.61546        5.39037        -12.66376      -3.71145       0.29252        -12.52098      -1.33175       3.69635        -8.98565       -3.43813       -1.42897       
14       NO_ID      1.252688903    0.1498833708   1.618461744    7.508877259    0.1988484787   6.241147278    0.01940455076  -15.51027      4.05858        1.75342        -1.85409       -0.34232       3.53718        -4.41919       1.31173        0.22203        -6.93627       -0.60002       -2.12683       -10.33545      -1.51179       -5.35111       -0.47982       -0.26614       1.66549        -1.56981       -3.96777       4.65481        -3.50269       0.47308        5.49002        -4.33618       -1.82123       -0.28027       -4.5155        1.41315        1.70428        -15.82627      1.88465        -1.21069       
15       NO_ID      1.431623341    0.1342432332   1.437469485    1.368579142    0.02385782087  8.008277195    0.124028027    -16.66667      1.24687        5.98413        -16.66667      5.40056        15.94604       -16.66667      8.30721        1.99636        -16.66667      4.87542        -1.11623       -16.66667      -0.9922        -0.99544       -16.66667      1.05494        17.2405        -16.66667      3.32353        -4.54403       -16.66667      7.7804         8.98058        -16.66667      -0.7704        6.71717        -16.66667      8.46812        7.09122        -16.66667      1.42537        4.6194         
16       NO_ID      1.461652022    0.1727904321   1.207355295    7.891587844    0.1881773888   1.386583507    0.1365800931   -16.66667      -10            -10            -11.67222      0.37195        4.15068        -14.93627      2.53551        0.39389        -14.10261      -0.77103       1.86491        -16.66667      -10            -10            -9.00429       0.01154        3.50596        -13.7634       -2.63297       3.85826        -14.42089      2.33778        5.57473        -12.66779      -1.38332       1.19533        -12.41753      1.81381        2.03957        -16.66667      -10            -10            
17       NO_ID      1.501181678    0.1194849465   1.409613658    1.027863453    0.08704989101  8.602165269    0.1538776909   -16.66667      1.24687        9.28524        -16.66667      5.40056        17.29218       -16.66667      8.30721        2.35245        -16.66667      4.87542        -0.94042       -16.66667      -0.9922        0.49334        -16.66667      1.05494        22.74491       -16.66667      3.32353        -2.31438       -16.66667      7.7804         14.36553       -16.66667      -0.7704        4.62709        -16.66667      8.46812        8.80452        -16.66667      1.42537        3.64311        
18       NO_ID      0.9168533098   0.1230130163   0.9284350937   3.204165049    0.2003427753   6.517036515    0.186517935    -16.66667      1.24687        23.99043       -16.66667      5.40056        27.22598       -16.66667      8.30721        7.87517        -16.66667      4.87542        2.85018        -16.30049      4.94211        -6.85651       -16.66667      1.05494        33.10551       -16.66667      3.32353        3.91963        -16.66667      7.7804         22.88481       -16.66667      -0.7704        18.77627       -16.66667      8.46812        21.20963       -16.53879      11.29274       -6.33415       
19       NO_ID      1.203289389    0.1042324314   0.3014088499   4.825500491    0.3209426339   9.032068261    0.1753739686   -16.66667      1.24687        61.71011       -16.66667      5.40056        53.79788       -16.66667      8.30721        23.90518       -16.43192      6.4898         -4.5267        -12.0835       0.82185        3.50654        -16.66667      1.05494        59.71144       -16.28297      6.582          -5.44492       -16.66667      7.7804         41.61976       -16.56319      3.8444         2.14664        -16.66667      8.46812        48.57366       -15.34338      3.35953        -4.57371       
20       NO_ID      1.700395417    0.1960490635   0.7792754965   2.241228824    0.3468116437   8.308455533    0.1981259957   -16.66667      1.24687        22.06873       -16.66667      6.13392        24.10527       -16.66667      8.30721        1.94919        -16.66667      4.87542        -4.90325       -16.54329      -0.9922        -9.9951        -16.66667      1.05494        31.07324       -16.66667      3.32353        -3.56393       -16.66667      7.7804         28.97033       -16.66667      -0.7704        7.66852        -16.66667      7.62866        19.00197       -16.66667      1.42537        6.28399        
21       NO_ID      1.401373858    0.1797217878   0.4686857324   4.345975653    0.07464318136  6.037744432    0.05825269812  -16.55075      3.8423         11.2001        -15.16581      9.11844        -0.23604       -15.03422      3.0196         -3.49558       -14.09831      1.5301         -1.11405       -11.20394      -3.48055       2.4175         -16.24618      7.12364        7.19491        -13.74775      1.59114        -1.94142       -14.62978      0.88624        -0.25462       -15.94382      3.08113        2.52145        -16.55994      10.14704       13.63389       -15.94366      5.19832        -0.33965       
22       NO_ID      1.602220473    0.1392893453   1.074778553    6.206202679    0.3790194549   7.411376079    0.03766120631  -15.39633      0.2287         0.62754        -11.80526      -2.38267       13.33324       -14.93859      -0.04663       3.34721        -16.55016      3.22259        -1.02223       -16.11167      -0.88766       -5.44835       -9.14864       -2.72066       10.93236       -14.26912      -1.40703       1.37684        -14.53461      0.09444        10.24079       -12.66913      -3.50806       4.43677        -12.52654      -1.36444       10.86992       -8.99595       -3.48443       3.39868        
23       NO_ID      1.230184389    0.1252593418   1.133374185    7.090262104    0.04368973696  5.000206135    0.01486331686  -1.18513       -0.35983       -5.1944        0.32362        -1.866         -3.40359       -2.72989       -0.27987       -3.02854       -0.52846       -0.55759       0.07459        -1.31407       -1.48873       -0.76974       1.50507        -1.29988       -4.8422        0.61162        -1.12781       0.41909        -1.62709       -1.15659       -3.02296       -3.27579       -1.5477        -3.29935       -2.39071       -0.90222       -4.68725       -0.50251       -0.50377       -5.42495       
24       NO_ID      1.640946846    0.1828982646   1.323243546    4.702975599    0.07061481222  4.586609447    0.1100938871   -16.18855      9.94436        -6.74942       -14.84509      9.0489         -8.12          -16.23563      13.24107       -8.33072       -16.42297      7.08938        -8.44075       -16.20604      -1.38394       -8.15065       -14.73788      10.59609       -8.63661       -16.40225      6.62351        -8.5251        -16.42674      13.37793       -7.10327       -16.33987      5.73891        -7.39836       -14.87061      9.92712        -8.32926       -16.41219      5.75982        -7.26439       
25       NO_ID      1.170948279    0.1667341849   0.2327610542   8.699035681    0.05308365232  2.746944741    0.180861271    -12.81567      9.11907        -4.67761       -16.41354      13.20084       0.13139        -16.56377      15.63009       2.538          -15.47852      12.66469       -3.88565       -11.44547      4.61096        -2.10671       -16.24376      12.06303       7.0132         -15.11126      11.59215       -5.9126        -16.66667      7.7804         35.95246       -14.69735      7.6512         -4.21184       -16.55848      16.86272       0.83799        -14.84934      10.28601       -7.56441       
26       NO_ID      1.666782076    0.1017466331   1.708926918    8.136589588    0.1666239316   1.05709867     0.1734757334   -16.66667      -10            -10            -16.66667      -10            -10            -0.55371       -0.10683       1.64493        -16.66667      -10            -10            -16.66667      -10            -10            -16.66667      -10            -10            -16.66667      -10            -10            1.14583        -0.60877       5.01018        -16.66667      -10            -10            -16.66667      -10            -10            -16.66667      -10            -10            
27       NO_ID      1.094770663    0.1384263687   0.1000866701   2.806497096    0.2665009665   1.681783915    0.02558860545  -14.12088      5.65031        8.40282        18.13447       -1.58817       12.56086       -15.95319      7.70569        7.28887        -15.38292      6.15449        -1.09401       -16.55552      -1.81109       38.93727       -11.78242      3.2426         8.4549         -15.02294      5.63821        -1.22424       -14.53032      0.11899        11.17376       -12.65972      -1.29257       8.75979        -12.51541      0.5307         8.85711        -16.54645      3.50271        21.94408       
28       NO_ID      0.8293105589   0.1449044802   0.5358968175   8.303744806    0.1307638256   4.065327179    0.1467180738   -10.28292      4.21449        -1.16633       -13.77443      5.56186        0.27072        -15.7381       8.73235        -2.50653       -14.56105      4.27396        -2.16645       -10.41935      2.04159        -2.6163        -11.46841      4.78031        -0.50569       -14.24806      4.41007        -2.92456       -15.97959      9.4638         -3.32281       -13.46118      3.15107        -2.1809        -14.19523      7.91475        -1.60912       -10.51071      3.96601        -3.71558       
29       NO_ID      0.9489926915   0.187822569    1.640872289    3.485763383    0.3475933292   7.294617852    0.110923345    -16.43492      2.22777        -1.63683       -16.53862      2.46712        -3.89579       -16.56075      6.47649        -6.79365       -16.54981      3.22259        -6.96565       -13.44121      -3.04705       -7.45934       -15.67348      2.82718        -6.05834       -15.24869      3.15503        -8.35134       -16.66667      7.7804         20.81167       -14.87918      0.74752        -7.03472       -16.4494       5.3484         -6.99487       -16.0578       2.13355        -6.95496       
30       NO_ID      1.478925256    0.1097003778   1.899011078    5.728156691    0.2291201687   2.003532898    0.1509248622   -8.23345       -0.00766       0.83222        -11.66886      0.08057        3.27015        -14.73464      0.69765        0.67074        -14.10261      -0.74967       2.23828        -16.66667      -10            -10            -9.00685       0.21213        1.77932        -13.76438      -3.08332       5.24052        -14.42164      1.37349        3.78563        -12.46271      -0.98708       0.03449        -12.41753      1.62059        1.94862        -16.66667      -10            -10            
31       NO_ID      1.350230047    0.1159218642   0.1892435909   6.523550683    0.1528258306   8.814182508    0.1003980489   -9.73293       3.29443        2.86401        -13.29655      3.26715        4.06899        -15.64742      7.65705        1.69585        -14.56599      4.28289        4.94302        -10.32272      0.34271        7.36748        -10.80163      3.07262        3.9226         -14.26106      4.1959         3.68347        -15.42022      4.98726        2.88901        -13.38002      3.07232        2.85185        -13.90195      5.80513        3.04935        -9.94578       3.03995        0.82912        
32       NO_ID      1.752668887    0.1585848575   0.4697471282   3.6415205      0.1776926043   3.256743732    0.1618275823   -10.07299      3.65683        -0.08439       -13.79583      5.59977        0.99228        -15.74718      8.2191         -1.83149       -14.68136      3.38175        0.12156        -10.65459      -0.44256       1.35316        -11.4929       4.69795        0.11248        -14.38076      3.44582        -0.72424       -15.98494      9.58696        -1.03908       -15.84223      3.96493        5.22286        -14.21354      7.93077        -0.60133       -10.53762      4.02279        -3.22154       
33       NO_ID      1.571232572    0.198244895    1.501062982    6.481825514    0.2984915401   6.735033863    0.09294544061  -12.27824      -0.89053       -3.72607       -15.28995      0.8602         -4.50636       -16.36089      4.79106        -5.03457       -14.68601      -0.90813       -3.95243       -11.44968      -5.31072       -1.18442       -13.88128      0.32579        -3.3163        -14.39531      -1.00229       -4.47177       -16.55196      6.164          -1.78601       -14.18835      -1.71534       -4.59092       -15.49815      2.34833        -5.3839        -16.06719      0.35188        -4.59965       
34       NO_ID      1.02165125     0.1441455862   0.7157614541   3.844318659    0.330045951    9.265671873    0.04640912553  -15.27712      3.7423         -1.35841       -16.41644      5.03388        12.05793       -14.93278      1.72344        0.89612        -14.09831      0.71047        -0.7015        -14.22058      -1.89898       2.07207        -16.38738      2.69015        21.51728       -13.75658      0.37344        -0.80864       -14.5296       1.36652        6.36685        -15.8439       0.60908        4.59299        -15.28198      5.68005        -1.51296       -16.30577      2.48712        3.80309        
35       NO_ID      1.116576017    0.158222852    1.282166531    5.298782746    0.3699447773   3.877903499    0.09915741711  -8.56645       -2.83417       3.77968        -12.04058      -1.95512       6.35938        -15.03587      0.74633        -0.10338       -14.21588      -1.1993        0.06136        -13.66566      -2.00567       -3.20634       -9.41007       -2.41439       5.77377        -13.88591      -2.33596       0.98462        -14.7552       0.51909        3.78842        -12.76246      -2.88282       1.3536         -12.72829      -0.81543       3.65951        -9.09549       -3.10597       -0.3405        
36       NO_ID      1.0357892      0.1526775848   1.55712597     1.765552889    0.2111789756   4.873329922    0.1404141477   -16.06881      9.72348        -5.38297       -16.53696      9.06736        -1.75077       -16.44029      13.83967       -9.09754       -16.5398       9.83389        -8.74523       -16.53027      2.28337        -9.38638       -15.94064      10.62146       -6.81479       -16.51761      9.98529        -9.69652       -16.66667      7.7804         18.23124       -16.43864      8.03659        -8.64692       -15.99123      13.34112       -7.65135       -16.41664      6.47158        -6.11397       
37       NO_ID      1.320576132    0.1221536351   0.9874485597   5.981481481    0.04736625514  4.702674897    0.01742798354  0.54077        -0.59597       -4.66867       1.83787        -2.41531       -3.55789       -1.26984       -0.43506       -2.31133       1.3624         -0.29864       0.49809        0.45754        -1.50282       0.52855        4.43341        -1.32303       -4.1428        2.55102        -0.18958       0.13873        0.29762        -1.68777       -1.78027       -1.38889       -1.71873       -2.51225       -0.54012       -1.25875       -4.44263       0.75211        -0.78262       -4.9715        
38       NO_ID      1.293141289    0.1248971193   0.8858024691   5.351851852    0.05674897119  4.702674897    0.02133744856  0.81713        -0.61129       -4.11688       2.26687        -2.54983       -2.32577       -1.07181       -0.75838       -1.96124       1.56107        -0.44177       0.74278        0.58905        -0.76515       -0.12972       4.62138        -1.52619       -3.46885       2.84974        -0.76046       0.84805        0.60606        -2.23054       -1.1356        -0.8868        -1.77989       -2.12875       -1.02295       -1.38079       -3.59606       1.35387        -0.34483       -4.69052       
39       NO_ID      1.316460905    0.1302469136   0.8779835391   6.018518519    0.06613168724  4.468106996    0.02394375857  0.59822        -0.37771       -3.28407       2.17949        -1.89812       -2.06048       -1.07181       -0.62342       -1.53353       0.74561        -0.89862       1.09754        0.12178        -1.01246       -0.21184       4.62138        -1.05522       -2.64286       1.9802         -0.45147       0.50759        0.3992         -1.77325       -0.35163       -1.36571       -1.53371       -1.7829        -1.06965       -0.69338       -3.20368       1.60985        -0.07662       -3.89033       
40       NO_ID      1.353497942    0.133127572    0.9457475995   6.351851852    0.07864197531  4.155349794    0.0283744856   0.14905        -0.05507       -2.57143       1.83787        -1.45298       -1.05912       -1.36698       -1.06516       -1.38232       -0.489         -0.45393       -0.24804       -0.1844        -0.6789        -0.66209       3.82279        -0.52518       -2.13018       2.50212        -1.24587       1.47637        -0.14493       -1.43682       -0.3564        -1.92495       -1.22515       -1.20356       -0.46512       0.24635        -2.60513       1.28682        0.47165        -3.82937       
41       NO_ID      1.357613169    0.1323045267   0.9457475995   8.018518519    0.08020576132  4.741769547    0.03932098765  0.41288        0.62406        -1.99948       1.86586        -1.13211       -0.42127       -1.55763       -0.39156       -1.13488       -0.79936       -0.44684       0.05695        -0.84176       0.02406        -1.70302       4.20306        -0.06261       -1.34756       1.70732        -1.23921       0.63319        -0.70028       -1.41683       0.57567        -1.38889       -0.68313       -1.31085       -1.04634       0.34666        -1.99571       0.5963         1.50195        -3.82321       
42       NO_ID      1.427572016    0.1290123457   0.862345679    8.327160494    0.07395061728  5.093621399    0.04479423868  1.98377        0.37315        -2.03477       3.34967        -0.99391       -0.63402       -3.30579       -0.29316       -2.14902       2.40154        -1.20869       2.66081        0.91808        -0.55372       0.11841        5.28129        -0.23945       -1.35647       3.52994        -1.13397       1.85349        0.76453        -1.43998       0.32864        -0.37695       -0.75676       -0.99356       0.35288        0.27281        -1.72583       1.85541        1.23267        -3.22606       
43       NO_ID      1.246502058    0.1220164609   0.5209190672   4.833333333    0.06144032922  4.780864198    0.03462962963  -10.76904      2.74293        -3.03555       6.57812        -3.14975       -0.97071       2.0592         -2.97989       -0.50505       4.40552        -1.12722       1.76912        3.09524        0.81598        -0.72468       7.16958        -1.62482       -2.60298       5.68744        -0.64298       0.18068        4.36654        -3.81371       0.71647        2.50317        -1.96716       -0.97694       3.05031        -2.19508       -2.59218       4.97452        -0.54039       -3.61481       
44       NO_ID      1.349382716    0.133127572    0.854526749    8.314814815    0.08333333333  4.728737997    0.04401234568  0.55509        0.7999         -1.85439       2.29618        -0.57514       0.40105        -0.97087       -0.33261       -0.56274       0.88417        -0.76955       0.81114        0.00137        -0.12134       -1.4533        4.34066        -0.01415       -0.60544       2.95139        -1.5733        2.24497        0.50201        -1.15592       1.33656        -1.45802       -0.409         -0.75267       -0.61444       0.87564        -1.12756       1.30354        1.20797        -3.13278       
45       NO_ID      1.398765432    0.1294238683   0.9639917695   8.537037037    0.0958436214   5.080589849    0.04479423868  0.71429        0.97301        -0.91138       2.03562        -0.63625       0.9043         -1.17146       -0.10011       -0.5769        0.47496        -0.69379       1.00678        -0.0334        -0.43971       -0.81859       4.27163        0.01657        -0.1778        3.10586        -1.74255       3.31315        0.55388        -1.12928       2.00022        -0.96054       -0.43428       -0.4588        -0.6636        0.72814        -0.82885       1.5753         1.25324        -2.54462       
46       NO_ID      1.604526749    0.1183127572   1.229835391    8.981481481    0.1469272977   5.797325103    0.05183127572  2.20499        0.82139        1.07563        3.4153         -0.29708       4.37024        0.05747        0.67606        1.58957        3.08458        -1.39154       5.58607        1.08734        -2.2704        2.34209        5.74443        0.48601        1.541          4.37616        -3.6073        8.94696        1.20167        -0.6855        5.21292        -0.0275        -0.71338       1.86935        0.27012        1.2743         1.29783        3.02721        0.94892        -0.97318       
47       NO_ID      1.526337449    0.1166666667   1.506104252    8.648148148    0.09740740741  6.031893004    0.04244855967  0.7289         0.55075        -2.25703       2.15054        -0.92861       -0.15234       -1.12179       -0.00415       -0.35328       -0.72289       -0.49229       0.67619        -0.215         -2.76745       2.55654        3.58404        -0.52258       -1.55731       2.16667        -2.35808       4.36963        0.3992         -0.96746       1.64341        -0.96054       -1.0838        -0.43869       -0.83333       0.73518        -1.52071       1.23686        0.36023        -3.57417       
